100 62.94 72.6084 12.1 12.853
110 91.28 86.716 15.52 14.4421
120 90.24 102.185 15 16.0567
130 120.1 119.016 17.56 17.6948
140 138.88 137.208 20.12 19.3545
150 147.96 156.761 20.14 21.0344
160 183.22 177.676 23.8 22.7329
170 212.74 199.952 25.52 24.4491
180 218.22 223.59 25.36 26.1818
190 240.3 248.589 28.12 27.9301
200 283.14 274.95 31.3 29.6932
210 296.6 302.672 31.16 31.4704
220 323.84 331.756 32.9 33.261
230 351.34 362.201 34.26 35.0643
240 370.84 394.008 35.08 36.8799
250 478.24 427.176 43.18 38.7072
260 508.68 461.705 45.06 40.5457
270 508.62 497.596 43.26 42.395
280 558 534.848 45.42 44.2548
290 549.02 573.462 44.9 46.1246
300 612.9 613.437 48.86 48.0041
310 650.74 654.774 49.1 49.8929
320 689.94 697.472 50.12 51.7909
330 743.16 741.532 54.32 53.6976
340 802.28 786.953 55.22 55.6128
350 836.76 833.736 58.16 57.5363
360 865.56 881.88 57.62 59.4679
370 901.92 931.385 58.96 61.4072
380 970.38 982.252 62.04 63.3541
390 1007.24 1034.48 63.88 65.3085
400 1107.24 1088.07 66.66 67.27
410 1142.22 1143.02 68.34 69.2386
420 1199 1199.33 70.8 71.214
430 1240.54 1257.01 73.68 73.1961
440 1286 1316.04 75.02 75.1848
450 1383.72 1376.44 78.14 77.1798
460 1462.96 1438.2 78.78 79.1811
470 1498.96 1501.32 81.18 81.1885
480 1576.54 1565.8 82.8 83.2019
490 1636.64 1631.65 87.82 85.2212
500 1709.42 1698.85 85.26 87.2461
