50000 1.95 10983.8
51000 3.3 20207.1
52000 4.6 29646.3
53000 6.25 39115.1
54000 8.2 48942.7
55000 9.75 58924.2
56000 11.65 69012.1
57000 13.2 79324.1
58000 15.15 89876.6
59000 16.95 100471
60000 18.4 111296
61000 19.8 122159
62000 21.3 133434
63000 23.1 144623
64000 24.95 156131
65000 26.4 167729
66000 28.7 179640
67000 30.45 191534
68000 33.05 203802
69000 35.4 216110
70000 36.9 228810
71000 39.05 241604
72000 40.85 254740
73000 42.75 267997
74000 44.65 281286
75000 46.35 294679
76000 49.05 308336
77000 51.05 322270
78000 53.2 336383
79000 55.3 350773
80000 57.35 365223
81000 59.2 379836
82000 61.15 394659
83000 63.15 409637
84000 65.3 424882
85000 69.25 440347
86000 71.35 456062
87000 73.6 471796
88000 76.05 487948
89000 78.35 504074
90000 80.2 520276
91000 82.55 537092
92000 84.45 553884
93000 86.55 571026
94000 88.55 588062
95000 90.25 605416
96000 92.1 623206
97000 94.25 640968
98000 96.5 658779
99000 98.7 676702
100000 100.1 694834
