1 11.146
2 9.81162
3 14.2072
4 12.4019
5 15.4631
6 16.7975
7 13.7363
8 19.5447
9 14.5997
10 20.9576
11 17.5039
12 20.8006
13 21.1931
14 21.0361
15 22.2135
16 22.449
17 23.1554
18 23.5479
19 25.2747
20 24.8038
21 26.3736
22 26.0597
23 27.6295
24 27.4725
25 28.8854
26 29.7488
27 30.5338
28 30.9262
29 31.6327
30 32.1821
31 33.124
32 33.3595
33 34.5369
34 34.7724
35 35.7928
36 36.8917
37 37.3626
38 37.7551
39 38.4615
40 39.4819
41 40.0314
42 40.5808
43 41.0518
44 41.3658
45 42.1507
46 42.7002
47 43.1711
48 43.5636
49 44.27
50 44.3485
51 44.8195
52 45.2904
53 45.6044
54 46.1538
55 46.3893
56 47.2527
57 47.5667
58 47.9592
59 48.4301
60 48.7441
61 49.2936
62 49.7645
63 49.843
64 50.157
65 50.471
66 50.7849
67 51.0989
68 51.4129
69 51.8053
70 51.8053
71 52.0408
72 52.3548
73 52.7473
74 53.2182
75 53.8462
76 54.3171
77 55.0235
78 55.1805
79 55.73
80 55.73
81 56.044
82 56.4364
83 56.5149
84 56.6719
85 56.9074
86 57.0644
87 57.3783
88 57.7708
89 58.3987
90 58.5557
91 58.7912
92 59.0267
93 59.3407
94 59.8116
95 60.0471
96 59.8901
97 60.0471
98 60.2041
99 60.2826
100 60.5965
101 60.7535
102 61.0675
103 61.3815
104 61.5385
105 61.7739
106 62.1664
107 62.3234
108 62.7943
109 62.9513
110 63.1868
111 63.5793
112 63.9717
113 64.0502
114 64.2857
115 64.6782
116 64.9922
117 65.3846
118 65.3846
119 65.4631
120 66.0126
121 66.248
122 66.4835
123 66.719
124 66.7975
125 67.033
126 67.19
127 67.2684
128 67.19
129 67.3469
130 67.3469
131 67.5039
132 67.8964
133 68.1319
134 68.2889
135 68.4458
136 68.6813
137 68.6813
138 68.6028
139 68.7598
140 68.6813
141 68.7598
142 68.9168
143 68.9953
144 69.0738
145 69.1523
146 69.3878
147 69.3878
148 69.6232
149 69.9372
150 70.0942
151 70.1727
152 70.1727
153 70.4082
154 70.4867
155 70.8006
156 71.1931
157 71.2716
158 71.5071
159 71.5856
160 71.6641
161 72.0565
162 72.0565
163 72.449
164 72.5275
165 72.449
166 72.763
167 72.9984
168 73.0769
169 73.3124
170 73.4694
171 73.7049
172 73.9403
173 74.0188
174 74.0973
175 74.4113
176 74.4113
177 74.4113
178 74.7253
179 74.9608
180 75.0392
181 75.1962
182 75.2747
183 75.5887
184 75.7457
185 75.8242
186 75.8242
187 75.8242
188 75.9027
189 75.9812
190 76.2166
191 76.4521
192 76.6091
193 76.7661
194 76.9231
195 77.0801
196 77.1586
197 77.237
198 77.1586
199 77.0801
200 77.1586
201 77.3155
202 77.237
203 77.4725
204 77.394
205 77.394
206 77.551
207 77.865
208 78.1005
209 78.3359
210 78.4144
211 78.4929
212 78.8069
213 78.8069
214 78.9639
215 79.1209
216 79.1209
217 79.2779
218 79.4349
219 79.2779
220 79.2779
221 79.3564
222 79.4349
223 79.5133
224 79.5918
225 79.5133
226 79.5133
227 79.5133
228 79.7488
229 79.8273
230 79.8273
231 79.9843
232 80.0628
233 80.1413
234 80.1413
235 80.1413
236 80.0628
237 80.1413
238 80.1413
239 80.1413
240 80.2983
241 80.2983
242 80.2983
243 80.2983
244 80.2983
245 80.2198
246 80.4553
247 80.4553
248 80.4553
249 80.6122
250 80.5338
251 80.6907
252 80.9262
253 80.9262
254 80.9262
255 81.0832
256 81.0047
257 81.0047
258 80.9262
259 81.0047
260 81.0047
261 80.9262
262 81.0832
263 81.1617
264 81.3187
265 81.3187
266 81.4757
267 81.5542
268 81.6327
269 81.6327
270 81.5542
271 81.7111
272 81.7896
273 81.8681
274 82.0251
275 82.3391
276 82.3391
277 82.4176
278 82.4176
279 82.4176
280 82.4176
281 82.5746
282 82.5746
283 82.5746
284 82.5746
285 82.5746
286 82.5746
287 82.967
288 83.124
289 83.2025
290 83.2025
291 83.281
292 83.3595
293 83.3595
294 83.438
295 83.595
296 83.752
297 83.6735
298 83.6735
299 83.8305
300 83.9874
