1 12.6374
2 13.7363
3 13.5793
4 13.9717
5 14.3642
6 15.2276
7 15.0706
8 15.5416
9 15.8556
10 16.0911
11 16.719
12 17.2684
13 18.2889
14 18.9953
15 19.6232
16 20.6436
17 21.0361
18 21.821
19 22.5275
20 22.8414
21 23.4694
22 24.4898
23 24.8038
24 25.3532
25 25.9812
26 26.5306
27 27.708
28 28.022
29 29.0424
30 29.7488
31 30.0628
32 30.9262
33 31.7896
34 32.81
35 33.3595
36 34.2229
37 35.1648
38 35.9498
39 36.5777
40 37.1272
41 38.2261
42 38.54
43 38.9325
44 39.325
45 40.3454
46 40.7378
47 41.2873
48 41.7582
49 42.3862
50 42.7786
51 43.0926
52 43.7206
53 43.8776
54 44.898
55 45.2904
56 45.5259
57 46.1538
58 46.7033
59 46.9388
60 47.4882
61 47.8022
62 48.1947
63 48.5871
64 48.9796
65 49.2151
66 49.7645
67 50.157
68 50.7064
69 51.0989
70 51.4129
71 51.9623
72 52.3548
73 52.7473
74 52.9042
75 53.2182
76 53.7677
77 54.1601
78 54.5526
79 54.7881
80 54.7881
81 55.1805
82 55.3375
83 55.8085
84 55.887
85 56.1224
86 56.2794
87 56.5934
88 56.8289
89 57.2998
90 57.6138
91 57.6923
92 57.9278
93 58.0848
94 58.1633
95 58.3203
96 58.7127
97 59.2622
98 59.6546
99 59.8901
100 59.8116
101 60.1256
102 60.4396
103 60.675
104 60.9105
105 61.146
106 61.2245
107 61.2245
108 61.303
109 61.6954
110 62.0094
111 62.3234
112 62.7159
113 62.8728
114 63.2653
115 63.5793
116 64.0502
117 64.3642
118 64.3642
119 64.6782
120 64.7567
121 65.0706
122 65.3061
123 65.5416
124 65.6201
125 65.9341
126 66.0911
127 66.405
128 66.3265
129 66.6405
130 66.9545
131 67.19
132 67.2684
133 67.2684
134 67.2684
135 67.4254
136 67.5824
137 67.8179
138 67.8964
139 68.1319
140 68.2889
141 68.4458
142 68.6813
143 68.8383
144 69.0738
145 69.1523
146 69.4662
147 69.5447
148 69.7802
149 69.9372
150 70.0942
151 70.0942
152 70.2512
153 70.4082
154 70.4867
155 70.8006
156 71.0361
157 71.2716
158 71.3501
159 71.4286
160 71.5856
161 71.6641
162 71.8995
163 71.8995
164 72.135
165 72.2135
166 72.3705
167 72.5275
168 72.606
169 72.763
170 72.9199
171 73.1554
172 73.3124
173 73.5479
174 73.6264
175 73.6264
176 73.8619
177 74.0973
178 74.1758
179 74.4113
180 74.4898
181 74.6468
182 74.9608
183 75.1177
184 75.1962
185 75.4317
186 75.5102
187 75.6672
188 75.6672
189 75.6672
190 75.9812
191 76.0597
192 76.1381
193 76.3736
194 76.4521
195 76.5306
196 76.5306
197 76.6091
198 76.7661
199 76.8446
200 77.0016
201 77.0801
202 77.394
203 77.394
204 77.4725
205 77.6295
206 77.6295
207 77.708
208 77.7865
209 77.9435
210 78.022
211 78.179
212 78.2575
213 78.2575
214 78.4144
215 78.5714
216 78.5714
217 78.6499
218 78.7284
219 78.8069
220 78.9639
221 79.1209
222 79.1994
223 79.1994
224 79.3564
225 79.4349
226 79.5133
227 79.6703
228 79.8273
229 79.8273
230 79.9058
231 79.9058
232 79.9058
233 79.9058
234 79.9058
235 79.9058
236 79.9843
237 79.9843
238 79.9843
239 79.9843
240 80.0628
241 80.0628
242 80.0628
243 80.3768
244 80.4553
245 80.4553
246 80.6122
247 80.6907
248 80.7692
249 80.7692
250 80.9262
251 81.0047
252 81.0832
253 81.0832
254 81.0832
255 81.2402
256 81.4757
257 81.4757
258 81.6327
259 81.7111
260 81.8681
261 81.8681
262 81.9466
263 81.8681
264 82.0251
265 82.1036
266 82.1821
267 82.2606
268 82.2606
269 82.3391
270 82.3391
271 82.3391
272 82.3391
273 82.4176
274 82.4176
275 82.4961
276 82.4961
277 82.5746
278 82.7316
279 82.81
280 82.81
281 82.8885
282 83.0455
283 83.281
284 83.281
285 83.438
286 83.438
287 83.438
288 83.438
289 83.5165
290 83.6735
291 83.6735
292 83.752
293 83.752
294 83.8305
295 83.8305
296 83.9089
297 83.9089
298 83.9089
299 84.0659
300 83.9874
