217 433
218 432
219 432
220 433
219 434
219 435
218 436
217 435
217 434
Siguiente contorno
248 429
249 428
250 428
251 428
252 429
252 430
251 431
250 432
249 433
248 432
248 431
247 430
Siguiente contorno
208 426
209 425
210 426
209 427
Siguiente contorno
190 424
191 423
192 424
192 425
192 426
191 427
190 426
189 425
Siguiente contorno
177 418
178 417
179 418
180 418
181 419
181 420
181 421
180 422
179 423
178 422
177 421
177 420
176 419
Siguiente contorno
165 411
166 410
167 410
168 411
168 412
167 413
166 412
Siguiente contorno
276 410
277 409
278 409
279 410
279 411
278 412
278 413
278 414
277 415
276 415
275 416
274 415
274 414
274 413
275 412
275 411
Siguiente contorno
155 405
156 404
157 405
157 406
156 407
155 406
Siguiente contorno
297 390
298 389
299 390
299 391
298 392
297 391
Siguiente contorno
346 383
347 382
348 382
349 383
349 384
348 385
347 385
346 385
345 385
344 384
345 383
Siguiente contorno
374 373
375 372
376 372
377 372
378 372
379 373
380 373
381 374
380 375
379 376
378 376
377 376
376 377
375 377
374 378
373 378
372 377
372 376
372 375
373 374
Siguiente contorno
230 364
230 365
230 366
230 367
231 367
232 367
233 367
233 366
233 365
233 364
232 364
231 364
Siguiente contorno
286 363
287 362
288 363
287 364
Siguiente contorno
285 360
286 359
287 360
287 361
286 362
285 361
Siguiente contorno
176 357
177 356
178 356
179 357
179 358
178 359
177 359
176 358
Siguiente contorno
157 357
158 356
159 357
159 358
158 359
157 358
Siguiente contorno
284 356
285 355
286 356
286 357
286 358
285 359
284 358
284 357
Siguiente contorno
232 355
232 356
232 357
231 358
231 359
231 360
231 361
232 361
233 361
234 361
234 360
234 359
235 358
235 357
235 356
235 355
234 355
233 355
Siguiente contorno
289 354
290 353
291 354
290 355
Siguiente contorno
161 352
162 351
163 352
163 353
163 354
162 355
161 356
160 356
159 356
158 355
159 354
160 353
Siguiente contorno
180 350
181 349
182 350
182 351
182 352
182 353
181 354
180 353
180 352
179 351
Siguiente contorno
165 349
166 348
167 349
166 350
Siguiente contorno
247 348
247 349
247 350
247 351
248 351
249 351
250 351
250 350
250 349
250 348
249 348
248 348
Siguiente contorno
230 347
231 346
232 346
233 347
234 348
234 349
234 350
235 350
236 350
237 350
238 349
239 350
239 351
239 352
239 353
239 354
238 355
238 356
238 357
238 358
238 359
238 360
238 361
238 362
238 363
238 364
238 365
238 366
238 367
238 368
238 369
238 370
238 371
238 372
237 373
237 374
237 375
237 376
237 377
237 378
237 379
237 380
237 381
237 382
237 383
237 384
236 385
236 386
236 387
236 388
236 389
236 390
235 391
234 392
233 393
232 394
232 395
231 396
230 396
229 396
228 396
227 396
226 395
226 394
226 393
227 392
227 391
227 390
227 389
228 388
228 387
228 386
229 385
229 384
229 383
229 382
229 381
230 380
230 379
230 378
230 377
230 376
230 375
231 374
231 373
232 372
232 371
232 370
232 369
231 369
230 369
229 369
229 370
228 371
228 372
227 373
227 374
227 375
227 376
226 377
226 378
225 379
225 380
225 381
225 382
225 383
224 384
224 385
223 386
223 387
223 388
222 389
222 390
221 391
220 391
220 392
219 393
218 394
217 393
216 393
215 392
214 391
214 390
214 389
214 388
215 387
215 386
216 385
216 384
216 383
217 382
217 381
218 380
218 379
218 378
219 377
219 376
220 375
220 374
221 373
221 372
221 371
222 370
222 369
222 368
223 367
223 366
224 365
224 364
224 363
225 362
225 361
226 360
226 359
227 358
227 357
227 356
228 355
228 354
228 353
228 352
229 351
229 350
230 349
230 348
Siguiente contorno
280 342
281 341
282 342
282 343
283 344
283 345
284 346
284 347
284 348
284 349
285 350
284 351
283 352
282 351
282 350
281 349
281 348
281 347
280 346
280 345
279 344
280 343
Siguiente contorno
250 341
251 340
252 340
253 341
253 342
254 343
254 344
254 345
254 346
255 347
256 348
256 349
256 350
257 351
257 352
257 353
258 354
258 355
258 356
259 357
259 358
259 359
259 360
259 361
260 362
260 363
260 364
260 365
260 366
260 367
261 368
261 369
261 370
261 371
261 372
261 373
261 374
261 375
261 376
261 377
261 378
261 379
261 380
260 381
260 382
259 383
259 384
258 385
257 386
256 386
255 385
255 384
255 383
255 382
254 381
254 380
254 379
254 378
254 377
254 376
253 375
253 374
253 373
253 372
253 371
253 370
253 369
252 368
252 367
252 366
252 365
252 364
252 363
252 362
252 361
251 360
251 359
251 358
251 357
251 356
251 355
251 354
251 353
250 353
249 353
248 353
248 354
248 355
248 356
248 357
248 358
248 359
248 360
248 361
248 362
248 363
249 364
249 365
249 366
249 367
249 368
249 369
249 370
249 371
249 372
249 373
249 374
249 375
249 376
249 377
249 378
249 379
250 380
250 381
250 382
250 383
250 384
250 385
250 386
250 387
250 388
249 389
248 390
248 391
247 392
246 393
245 393
244 393
243 393
242 393
241 392
240 391
240 390
240 389
241 388
241 387
241 386
241 385
241 384
241 383
241 382
241 381
241 380
241 379
242 378
242 377
242 376
242 375
242 374
242 373
242 372
242 371
241 370
241 369
241 368
241 367
241 366
241 365
242 364
242 363
242 362
242 361
242 360
242 359
242 358
242 357
242 356
242 355
242 354
242 353
242 352
242 351
242 350
242 349
243 348
244 347
245 346
246 345
247 344
248 343
249 342
Siguiente contorno
330 338
330 339
330 340
330 341
330 342
330 343
330 344
331 344
332 344
333 344
333 343
333 342
333 341
333 340
333 339
333 338
332 338
331 338
Siguiente contorno
303 337
303 338
303 339
303 340
304 340
305 340
306 340
306 339
306 338
306 337
305 337
304 337
Siguiente contorno
219 335
220 334
221 335
222 336
222 337
223 338
224 339
225 340
225 341
226 342
227 343
228 344
228 345
227 346
227 347
226 348
226 349
226 350
226 351
225 352
224 353
224 354
224 355
223 356
222 357
222 358
222 359
221 360
221 361
220 362
220 363
219 364
219 365
219 366
218 367
218 368
217 369
217 370
216 371
216 372
215 373
215 374
214 375
214 376
214 377
213 378
213 379
212 380
212 381
211 382
211 383
210 384
209 385
209 386
208 387
208 388
207 389
206 389
205 389
204 388
204 387
204 386
204 385
205 384
205 383
206 382
206 381
207 380
207 379
208 378
208 377
208 376
209 375
209 374
210 373
210 372
210 371
211 370
211 369
212 368
212 367
213 366
213 365
214 364
214 363
215 362
215 361
216 360
216 359
216 358
217 357
217 356
218 355
218 354
218 353
218 352
217 352
216 352
215 352
215 353
214 354
214 355
214 356
213 357
213 358
212 359
211 360
211 361
211 362
210 363
209 364
209 365
208 366
208 367
207 368
207 369
206 370
206 371
205 372
205 373
204 374
204 375
203 376
203 377
202 378
202 379
201 380
200 381
200 382
199 383
199 384
198 385
197 386
196 387
195 387
194 386
194 385
193 384
194 383
194 382
194 381
195 380
196 379
196 378
197 377
197 376
198 375
198 374
199 373
200 372
200 371
200 370
201 369
201 368
202 367
203 366
203 365
203 364
204 363
205 362
206 361
206 360
207 359
207 358
208 357
209 356
209 355
209 354
209 353
210 352
211 352
211 351
212 350
212 349
213 348
213 347
214 346
214 345
214 344
215 343
216 342
216 341
217 340
217 339
218 338
218 337
218 336
Siguiente contorno
456 333
457 332
458 332
459 332
460 332
461 332
462 333
463 334
463 335
464 336
464 337
465 338
465 339
465 340
465 341
466 342
466 343
467 344
467 345
466 346
465 347
464 347
463 347
462 347
461 347
460 346
459 345
459 344
459 343
459 342
459 341
458 340
458 339
458 338
457 337
457 336
456 335
456 334
Siguiente contorno
334 329
335 328
336 329
336 330
335 331
334 330
Siguiente contorno
272 328
273 327
274 327
275 327
276 327
277 328
277 329
277 330
277 331
277 332
277 333
277 334
278 334
279 335
280 336
280 337
281 338
280 339
279 339
278 339
277 338
276 337
276 336
275 335
275 334
274 333
274 332
274 331
273 331
272 330
272 329
Siguiente contorno
185 328
186 327
187 327
188 328
187 329
186 330
185 329
Siguiente contorno
110 327
111 326
112 327
111 328
Siguiente contorno
187 326
188 325
189 326
188 327
Siguiente contorno
188 323
189 322
190 322
191 323
191 324
190 325
189 325
188 324
Siguiente contorno
390 322
391 321
392 322
393 323
394 324
394 325
395 326
395 327
396 328
396 329
396 330
397 331
398 332
398 333
398 334
399 335
399 336
400 337
400 338
401 339
401 340
401 341
401 342
401 343
401 344
402 345
402 346
402 347
402 348
402 349
401 350
400 350
400 351
399 352
398 352
397 353
397 354
396 355
395 356
394 357
393 358
393 359
392 360
392 361
392 362
392 363
392 364
392 365
392 366
391 367
390 366
389 365
388 364
388 363
387 362
387 361
386 360
386 359
386 358
385 357
385 356
385 355
385 354
385 353
385 352
385 351
385 350
385 349
385 348
385 347
385 346
385 345
384 344
384 343
384 342
384 341
384 340
384 339
384 338
384 337
384 336
384 335
384 334
383 333
383 332
383 331
383 330
383 329
383 328
383 327
383 326
383 325
383 324
384 323
385 323
386 323
387 322
388 322
389 322
Siguiente contorno
298 322
298 323
298 324
298 325
299 325
300 325
301 325
301 324
301 323
301 322
300 322
299 322
Siguiente contorno
113 322
114 321
115 322
115 323
114 324
113 323
Siguiente contorno
268 320
269 319
270 319
271 320
271 321
271 322
272 322
273 322
274 323
273 324
273 325
273 326
273 327
272 328
271 327
271 326
270 325
270 324
269 323
269 322
268 321
Siguiente contorno
239 319
239 320
239 321
239 322
240 323
240 324
240 325
241 326
241 327
241 328
241 329
242 330
242 331
242 332
242 333
243 333
244 333
245 333
245 332
245 331
245 330
244 329
244 328
244 327
244 326
243 325
243 324
243 323
243 322
242 321
242 320
242 319
241 319
240 319
Siguiente contorno
115 319
116 318
117 318
118 319
117 320
116 321
115 320
Siguiente contorno
170 318
171 317
172 318
171 319
Siguiente contorno
117 318
118 317
119 318
118 319
Siguiente contorno
38 318
39 317
40 318
39 319
Siguiente contorno
329 317
328 318
327 318
326 318
326 319
326 320
326 321
327 321
328 321
329 321
330 320
331 320
332 320
332 319
332 318
332 317
331 317
330 317
Siguiente contorno
39 317
40 316
41 317
40 318
Siguiente contorno
192 316
193 315
194 316
193 317
Siguiente contorno
118 315
119 314
120 314
121 315
120 316
119 317
118 316
Siguiente contorno
212 314
213 313
214 313
215 314
215 315
215 316
215 317
216 318
216 319
216 320
216 321
217 322
217 323
217 324
217 325
217 326
217 327
218 328
218 329
218 330
218 331
217 332
216 332
216 333
215 334
215 335
214 336
214 337
213 338
212 339
212 340
211 341
211 342
210 343
210 344
209 345
209 346
208 347
207 348
207 349
207 350
206 351
205 351
205 352
205 353
204 354
204 355
203 356
202 357
202 358
201 359
201 360
200 361
200 362
199 363
198 364
198 365
197 366
197 367
196 368
195 369
195 370
194 371
193 372
193 373
192 374
192 375
191 376
190 377
190 378
189 379
188 379
187 380
186 380
185 381
184 381
183 380
183 379
184 378
184 377
185 376
186 375
186 374
187 373
187 372
188 371
188 370
189 369
190 368
190 367
191 366
192 365
192 364
193 363
194 362
194 361
195 360
196 359
196 358
197 357
198 356
198 355
199 354
199 353
200 352
200 351
200 350
201 349
202 349
202 348
202 347
203 346
204 346
204 345
205 344
205 343
205 342
206 341
206 340
207 339
208 339
208 338
208 337
209 336
210 336
210 335
211 334
211 333
212 332
212 331
213 330
213 329
213 328
213 327
212 327
211 327
210 327
210 328
209 329
209 330
208 331
208 332
207 333
207 334
206 335
205 335
205 336
205 337
204 338
203 338
203 339
203 340
202 341
202 342
201 343
201 344
201 345
200 346
199 346
199 347
199 348
198 349
197 349
197 350
196 351
196 352
195 353
194 354
194 355
193 356
192 357
191 358
191 359
190 360
189 361
189 362
188 363
187 364
187 365
186 366
185 367
184 368
184 369
183 370
183 371
182 372
181 373
180 374
179 374
178 374
177 373
177 372
177 371
178 370
179 370
180 369
180 368
181 367
181 366
182 365
182 364
183 363
184 363
184 362
184 361
184 360
185 359
186 359
186 358
187 357
188 356
189 355
189 354
190 353
190 352
191 351
192 350
192 349
193 348
194 347
194 346
194 345
194 344
195 343
196 343
196 342
196 341
197 340
198 339
199 339
199 338
200 337
200 336
200 335
201 334
201 333
202 332
202 331
203 330
204 329
204 328
205 327
206 327
206 326
206 325
207 324
208 323
209 322
209 321
209 320
209 319
210 318
211 318
211 317
211 316
212 315
Siguiente contorno
239 313
239 314
239 315
239 316
240 316
241 316
242 316
242 315
242 314
242 313
241 313
240 313
Siguiente contorno
194 312
195 311
196 312
195 313
Siguiente contorno
122 311
123 310
124 311
124 312
123 313
122 314
121 315
120 314
120 313
121 312
Siguiente contorno
262 310
263 309
264 309
265 310
266 310
267 311
267 312
267 313
268 314
268 315
268 316
268 317
269 318
269 319
268 320
267 320
266 319
266 318
265 317
265 316
265 315
264 314
263 313
263 312
262 311
Siguiente contorno
324 309
324 310
324 311
324 312
325 312
326 312
327 312
328 313
329 313
330 313
331 313
331 312
331 311
331 310
330 310
329 310
328 310
327 309
326 309
325 309
Siguiente contorno
253 307
254 306
255 307
255 308
256 309
257 310
257 311
258 311
259 312
259 313
260 314
260 315
261 316
261 317
262 318
262 319
263 320
263 321
264 321
265 322
265 323
266 324
266 325
267 326
267 327
268 328
268 329
269 330
269 331
270 331
271 332
271 333
271 334
271 335
272 336
272 337
273 338
273 339
272 340
271 340
270 340
270 341
270 342
270 343
271 343
272 343
273 343
274 343
275 344
276 345
276 346
276 347
277 348
277 349
277 350
278 351
278 352
279 353
279 354
279 355
279 356
279 357
279 358
280 359
280 360
280 361
280 362
280 363
281 364
281 365
280 366
280 367
280 368
280 369
279 370
279 371
278 372
277 373
276 372
276 371
275 370
275 369
275 368
275 367
275 366
274 365
274 364
274 363
274 362
274 361
273 360
273 359
273 358
273 357
272 356
272 355
272 354
271 353
271 352
271 351
270 350
270 349
270 348
269 347
269 346
268 345
268 344
267 343
267 342
266 342
265 342
264 342
264 343
264 344
264 345
265 346
265 347
266 348
266 349
267 350
267 351
267 352
267 353
268 354
268 355
269 356
269 357
269 358
269 359
270 360
270 361
270 362
270 363
271 364
271 365
271 366
271 367
271 368
271 369
271 370
271 371
271 372
271 373
272 374
272 375
272 376
271 377
270 377
270 378
269 379
268 380
267 379
266 378
266 377
266 376
265 375
265 374
265 373
265 372
265 371
265 370
265 369
264 368
264 367
264 366
264 365
264 364
264 363
263 362
263 361
263 360
262 359
262 358
262 357
262 356
262 355
261 354
261 353
261 352
261 351
260 350
260 349
260 348
259 347
259 346
259 345
258 344
257 343
257 342
257 341
256 340
256 339
255 338
255 337
254 336
254 335
254 334
254 333
254 332
254 331
254 330
254 329
254 328
254 327
254 326
254 325
254 324
254 323
254 322
254 321
254 320
254 319
254 318
254 317
254 316
253 315
253 314
253 313
253 312
253 311
253 310
253 309
253 308
Siguiente contorno
195 307
196 306
197 306
198 307
198 308
197 309
196 308
Siguiente contorno
292 305
292 306
292 307
292 308
293 308
294 308
295 308
295 307
295 306
295 305
294 305
293 305
Siguiente contorno
395 303
396 302
397 302
398 302
399 302
400 302
401 302
402 302
403 302
404 303
405 304
405 305
406 306
406 307
407 308
408 309
409 310
410 311
410 312
411 313
412 314
412 315
413 316
413 317
414 318
415 319
415 320
416 321
417 322
417 323
418 324
418 325
419 326
419 327
419 328
419 329
419 330
419 331
418 332
417 331
417 330
416 329
415 328
414 327
413 326
413 325
412 325
411 324
410 324
409 324
408 324
408 325
408 326
408 327
408 328
408 329
409 330
409 331
410 332
410 333
410 334
410 335
409 336
409 337
408 338
407 338
406 337
406 336
405 335
404 334
404 333
403 332
402 331
402 330
401 329
401 328
400 327
400 326
399 325
399 324
398 323
397 322
397 321
397 320
396 319
396 318
395 317
395 316
395 315
395 314
394 313
394 312
394 311
394 310
394 309
394 308
394 307
394 306
394 305
394 304
Siguiente contorno
199 301
200 300
201 301
201 302
201 303
200 304
199 303
199 302
Siguiente contorno
30 300
31 299
32 300
32 301
31 302
30 302
29 301
Siguiente contorno
287 294
287 295
287 296
287 297
288 297
289 297
290 297
290 296
290 295
290 294
289 294
288 294
Siguiente contorno
251 294
252 293
253 293
254 293
255 293
256 293
257 294
257 295
257 296
258 296
259 297
259 298
259 299
260 299
261 300
262 301
263 302
263 303
263 304
263 305
263 306
263 307
263 308
263 309
262 310
261 310
260 309
260 308
259 307
259 306
258 305
257 304
257 303
256 302
255 301
255 300
254 300
253 299
253 298
252 297
251 296
251 295
Siguiente contorno
145 294
146 293
147 293
148 294
147 295
146 296
145 295
Siguiente contorno
411 291
412 290
413 290
414 290
415 290
416 291
417 292
418 293
419 294
420 295
420 296
421 297
422 298
422 299
423 300
423 301
424 302
424 303
425 304
425 305
426 306
426 307
426 308
426 309
426 310
425 311
424 311
423 311
422 311
421 312
421 313
421 314
421 315
422 316
422 317
421 318
420 318
419 317
418 316
417 315
417 314
416 313
416 312
415 311
414 310
414 309
413 308
413 307
412 306
411 305
411 304
410 303
409 302
409 301
408 300
407 299
406 298
407 297
407 296
408 295
408 294
408 293
409 292
410 292
Siguiente contorno
149 291
150 290
151 291
151 292
150 293
149 292
Siguiente contorno
152 289
153 288
154 289
153 290
Siguiente contorno
154 287
155 286
156 287
155 288
Siguiente contorno
247 285
248 284
249 284
250 285
250 286
251 287
252 287
253 288
253 289
252 290
252 291
252 292
251 293
250 292
250 291
249 290
249 289
248 288
248 287
248 286
Siguiente contorno
246 283
247 282
248 283
247 284
Siguiente contorno
234 283
234 284
234 285
234 286
235 287
235 288
235 289
235 290
236 291
236 292
236 293
236 294
236 295
236 296
236 297
236 298
236 299
237 300
237 301
237 302
237 303
237 304
237 305
238 306
238 307
238 308
238 309
238 310
239 310
240 310
241 310
241 309
241 308
241 307
241 306
241 305
241 304
240 303
240 302
240 301
240 300
240 299
239 298
239 297
239 296
239 295
239 294
239 293
239 292
239 291
239 290
238 289
238 288
238 287
238 286
238 285
237 284
237 283
236 283
235 283
Siguiente contorno
158 283
159 282
160 282
161 283
161 284
160 285
159 285
158 284
Siguiente contorno
309 281
310 280
311 280
312 280
313 280
314 280
315 280
316 281
316 282
317 282
318 282
319 283
320 283
321 283
322 284
323 284
324 285
325 285
326 286
327 287
327 288
327 289
328 290
328 291
329 292
329 293
329 294
329 295
330 296
330 297
330 298
329 299
328 299
327 299
326 299
326 300
326 301
326 302
327 302
328 302
329 302
329 301
329 300
330 299
331 300
331 301
331 302
331 303
332 304
332 305
332 306
333 307
333 308
333 309
333 310
333 311
333 312
334 313
334 314
334 315
335 316
335 317
335 318
335 319
335 320
335 321
335 322
335 323
336 324
335 325
335 326
334 327
333 327
332 327
331 326
330 326
329 326
328 326
328 327
328 328
328 329
329 329
330 329
331 330
332 331
332 332
332 333
332 334
333 334
334 334
335 334
335 333
336 332
337 333
337 334
337 335
337 336
337 337
337 338
337 339
337 340
337 341
337 342
337 343
337 344
337 345
337 346
336 347
336 348
336 349
336 350
336 351
336 352
336 353
335 354
335 355
335 356
334 357
334 358
333 359
333 360
332 361
332 362
332 363
331 364
330 364
329 363
328 362
328 361
328 360
328 359
327 358
327 357
327 356
327 355
326 354
326 353
326 352
325 351
325 350
325 349
325 348
325 347
324 346
324 345
324 344
323 343
323 342
323 341
322 340
322 339
322 338
321 337
321 336
321 335
321 334
320 333
320 332
319 331
319 330
319 329
319 328
318 327
318 326
318 325
317 324
317 323
317 322
317 321
316 320
316 319
316 318
315 317
315 316
315 315
315 314
315 313
314 312
314 311
314 310
313 309
313 308
313 307
312 306
312 305
311 304
311 303
311 302
311 301
311 300
310 299
310 298
310 297
310 296
309 295
309 294
309 293
309 292
308 291
308 290
308 289
307 288
307 287
307 286
307 285
307 284
307 283
307 282
308 281
Siguiente contorno
161 281
162 280
163 281
162 282
Siguiente contorno
162 280
163 279
164 280
163 281
Siguiente contorno
163 278
164 277
165 277
166 278
165 279
164 279
Siguiente contorno
231 277
232 276
233 277
232 278
Siguiente contorno
165 276
166 275
167 275
168 276
167 277
166 277
Siguiente contorno
230 274
231 273
232 274
232 275
231 276
230 275
Siguiente contorno
418 270
419 269
420 269
421 269
422 270
423 271
424 271
425 272
426 272
427 273
428 274
428 275
428 276
429 277
430 278
430 279
429 280
428 281
427 281
426 281
425 282
424 281
423 281
422 281
421 281
420 281
419 281
418 280
417 280
416 279
415 278
414 277
413 277
412 276
412 275
412 274
412 273
413 272
414 271
415 270
416 270
417 270
Siguiente contorno
233 268
234 267
235 268
236 269
236 270
237 271
237 272
238 273
238 274
239 275
239 276
240 277
240 278
241 279
241 280
241 281
242 282
243 283
243 284
243 285
244 286
244 287
244 288
245 289
245 290
246 291
246 292
247 293
247 294
248 295
248 296
248 297
248 298
249 299
249 300
249 301
249 302
249 303
249 304
250 305
250 306
250 307
250 308
250 309
250 310
250 311
250 312
250 313
250 314
250 315
250 316
250 317
251 318
251 319
251 320
251 321
251 322
251 323
251 324
251 325
251 326
251 327
251 328
251 329
251 330
251 331
251 332
251 333
251 334
250 335
250 336
249 337
248 338
247 338
246 339
245 340
244 341
243 342
242 343
241 344
240 345
239 345
238 344
237 344
236 343
235 343
234 343
233 342
232 342
231 341
231 340
230 339
229 338
228 337
228 336
227 336
226 335
226 334
225 333
224 332
224 331
223 330
222 329
221 328
221 327
221 326
221 325
220 324
220 323
220 322
220 321
220 320
220 319
219 318
219 317
219 316
219 315
219 314
218 313
218 312
218 311
218 310
218 309
217 308
217 307
218 306
218 305
218 304
218 303
219 302
219 301
219 300
220 299
220 298
220 297
220 296
220 295
220 294
220 293
220 292
220 291
220 290
220 289
221 288
221 287
221 286
221 285
221 284
221 283
221 282
221 281
221 280
222 279
222 278
222 277
222 276
222 275
223 274
224 274
224 273
224 272
224 271
224 270
224 269
225 268
226 268
227 269
227 270
227 271
227 272
227 273
227 274
227 275
227 276
227 277
228 278
228 279
229 280
229 281
229 282
229 283
229 284
229 285
229 286
229 287
229 288
229 289
229 290
229 291
230 292
230 293
230 294
230 295
230 296
230 297
230 298
230 299
230 300
230 301
230 302
230 303
230 304
230 305
230 306
230 307
230 308
230 309
230 310
230 311
230 312
230 313
230 314
231 315
231 316
231 317
231 318
231 319
231 320
231 321
231 322
231 323
231 324
231 325
231 326
231 327
230 328
230 329
230 330
230 331
231 331
232 331
233 331
233 330
233 329
233 328
234 327
234 326
234 325
234 324
234 323
234 322
234 321
234 320
234 319
234 318
234 317
234 316
234 315
234 314
234 313
233 312
233 311
233 310
234 309
234 308
234 307
234 306
233 305
233 304
233 303
233 302
233 301
233 300
233 299
233 298
233 297
233 296
233 295
233 294
233 293
233 292
233 291
233 290
232 289
232 288
232 287
232 286
232 285
232 284
232 283
232 282
232 281
233 280
234 280
235 280
236 280
236 279
236 278
236 277
235 276
235 275
235 274
235 273
234 272
234 271
234 270
233 269
Siguiente contorno
217 267
218 266
219 267
219 268
219 269
219 270
219 271
218 272
218 273
218 274
218 275
218 276
218 277
218 278
218 279
218 280
218 281
218 282
217 283
217 284
217 285
217 286
217 287
217 288
217 289
217 290
216 291
216 292
216 293
216 294
216 295
216 296
215 297
215 298
215 299
215 300
214 301
214 302
214 303
213 304
213 305
213 306
212 307
212 308
211 309
210 310
209 311
209 312
208 313
208 314
207 315
206 316
206 317
205 318
205 319
204 320
203 321
203 322
202 323
201 324
200 325
200 326
199 327
199 328
198 329
198 330
197 331
196 332
195 333
195 334
194 335
194 336
193 337
192 338
192 339
191 340
190 341
190 342
189 343
188 344
187 345
187 346
186 347
185 348
184 349
183 348
183 347
183 346
182 345
182 344
183 343
184 343
184 342
185 341
185 340
185 339
186 338
187 338
187 337
188 336
188 335
189 334
189 333
190 332
190 331
191 330
191 329
192 328
192 327
192 326
193 325
194 325
194 324
195 323
195 322
195 321
196 320
196 319
197 318
197 317
198 316
198 315
199 314
199 313
200 312
200 311
201 310
201 309
201 308
202 307
202 306
202 305
202 304
203 303
204 303
204 302
204 301
204 300
203 300
202 300
201 300
200 299
200 298
200 297
201 296
202 296
202 295
203 294
204 293
204 292
204 291
205 290
206 289
206 288
206 287
206 286
205 285
206 284
207 284
208 284
208 283
209 282
209 281
210 280
210 279
211 278
211 277
211 276
212 275
213 275
213 274
214 273
214 272
215 271
215 270
215 269
216 268
217 268
Siguiente contorno
245 265
246 264
247 264
248 265
248 266
248 267
248 268
247 269
246 268
246 267
245 266
Siguiente contorno
253 261
254 260
255 260
256 261
256 262
256 263
256 264
257 264
258 265
259 266
259 267
260 268
260 269
261 270
261 271
261 272
261 273
262 274
262 275
263 275
264 276
265 277
265 278
265 279
266 280
267 281
267 282
267 283
267 284
268 284
269 285
269 286
270 287
270 288
271 289
272 290
272 291
273 292
273 293
274 294
275 295
275 296
275 297
276 298
276 299
277 300
277 301
278 302
279 303
279 304
280 305
280 306
281 307
282 308
282 309
282 310
283 311
284 312
284 313
285 314
285 315
285 316
286 317
287 318
287 319
287 320
288 321
289 322
289 323
289 324
290 325
290 326
291 327
291 328
292 329
293 330
293 331
292 332
292 333
292 334
292 335
293 335
294 335
295 336
295 337
295 338
296 339
296 340
296 341
297 342
297 343
298 344
298 345
299 346
299 347
299 348
300 349
301 350
301 351
301 352
302 353
302 354
303 355
303 356
304 357
304 358
304 359
304 360
305 361
305 362
306 363
306 364
307 365
307 366
306 367
305 366
304 365
304 364
303 364
302 363
302 362
301 361
300 360
300 359
299 358
298 357
298 356
297 355
296 354
296 353
295 352
294 351
294 350
293 349
293 348
292 347
292 346
291 345
291 344
290 343
290 342
289 341
289 340
288 339
287 338
287 337
286 336
286 335
285 334
285 333
285 332
284 331
284 330
284 329
283 328
283 327
282 326
282 325
282 324
281 323
281 322
280 321
280 320
280 319
280 318
279 318
278 317
278 316
278 315
277 314
277 313
276 312
275 311
275 310
275 309
274 308
274 307
273 306
272 305
272 304
272 303
271 302
270 301
270 300
269 299
269 298
268 298
267 298
266 297
266 296
266 295
266 294
265 293
264 292
264 291
263 290
262 289
261 288
260 287
259 286
258 285
258 284
257 283
257 282
256 282
255 281
255 280
254 279
253 278
252 277
251 276
250 275
251 274
251 273
251 272
251 271
251 270
252 269
252 268
252 267
252 266
252 265
252 264
252 263
252 262
Siguiente contorno
19 261
20 260
21 260
22 261
23 262
22 263
21 264
20 265
19 265
18 264
18 263
18 262
Siguiente contorno
260 260
261 259
262 259
263 259
264 259
265 260
266 260
267 260
268 261
268 262
269 262
270 263
271 264
272 265
273 266
273 267
274 267
275 267
276 267
277 266
278 266
279 267
279 268
280 269
281 269
282 270
282 271
282 272
283 273
283 274
283 275
284 275
285 275
286 275
287 275
288 274
289 274
290 274
291 274
292 274
293 274
294 274
295 274
296 275
296 276
297 276
298 277
298 278
299 279
300 280
301 281
301 282
301 283
301 284
302 285
302 286
303 286
304 287
304 288
304 289
304 290
304 291
305 292
305 293
305 294
306 295
306 296
307 297
307 298
307 299
307 300
307 301
308 302
308 303
308 304
308 305
309 306
309 307
309 308
310 309
310 310
310 311
310 312
311 313
311 314
311 315
312 316
312 317
312 318
312 319
312 320
313 321
313 322
313 323
313 324
314 325
314 326
314 327
315 328
315 329
315 330
315 331
316 332
316 333
316 334
317 335
317 336
317 337
317 338
318 339
318 340
318 341
318 342
319 343
319 344
320 345
320 346
320 347
320 348
321 349
321 350
321 351
322 352
322 353
322 354
322 355
323 356
323 357
323 358
323 359
323 360
323 361
323 362
324 363
324 364
325 365
325 366
325 367
325 368
326 369
326 370
325 371
324 371
324 372
323 373
322 373
322 374
321 375
320 374
320 373
319 373
318 373
317 373
316 373
315 372
314 371
314 370
313 369
313 368
312 367
312 366
311 365
311 364
311 363
310 362
310 361
309 360
308 359
308 358
307 357
307 356
307 355
306 354
306 353
305 352
305 351
305 350
304 349
304 348
303 347
303 346
302 345
302 344
301 343
301 342
301 341
300 340
300 339
299 338
299 337
299 336
298 335
298 334
298 333
297 332
297 331
297 330
296 329
296 328
295 327
295 326
294 325
294 324
293 323
293 322
292 321
292 320
292 319
291 318
291 317
292 316
293 316
293 315
293 314
293 313
292 313
291 313
290 313
289 313
288 312
288 311
287 310
287 309
286 308
285 307
285 306
285 305
284 304
283 303
283 302
282 301
282 300
281 299
281 298
280 297
280 296
279 295
279 294
278 293
278 292
278 291
277 290
276 289
276 288
275 287
275 286
274 285
274 284
273 283
273 282
272 281
272 280
271 279
271 278
270 277
270 276
269 275
268 274
268 273
267 272
267 271
266 270
266 269
265 268
264 267
264 266
264 265
263 265
262 264
262 263
261 262
261 261
Siguiente contorno
107 260
108 259
109 259
110 260
111 260
112 260
113 260
114 261
115 261
116 261
117 262
118 262
119 263
120 263
121 263
122 264
123 264
124 264
125 264
126 264
127 263
128 263
129 263
130 263
131 262
132 262
133 262
134 262
135 262
136 262
137 262
138 261
139 261
140 261
141 261
142 261
143 262
142 263
141 264
140 265
139 266
138 267
137 268
136 269
136 270
135 271
134 271
134 272
133 273
132 274
131 275
131 276
130 277
129 278
128 279
127 280
127 281
126 282
125 282
125 283
124 284
124 285
123 286
122 287
122 288
121 289
120 289
120 290
119 291
119 292
118 293
118 294
117 295
116 296
116 297
115 298
114 299
114 300
113 301
112 302
111 303
111 304
110 305
109 306
109 307
108 308
107 309
106 310
105 310
105 311
105 312
104 313
103 313
103 314
102 315
101 315
100 316
99 316
99 317
98 318
97 318
96 318
95 318
94 317
94 316
95 315
95 314
95 313
96 312
97 311
97 310
98 309
99 308
99 307
100 306
101 305
102 304
103 303
104 302
104 301
105 300
106 299
107 298
107 297
108 296
109 295
110 294
110 293
111 292
112 291
113 290
114 289
115 288
115 287
116 286
117 286
118 285
119 284
119 283
120 282
121 282
121 281
122 280
123 280
123 279
123 278
124 277
125 277
125 276
125 275
125 274
124 274
123 274
122 274
122 275
122 276
121 277
120 277
120 278
119 279
118 279
118 280
117 281
116 281
115 282
114 283
114 284
113 285
112 285
111 286
110 287
109 288
108 289
107 290
106 291
106 292
105 293
104 293
104 294
103 295
102 296
101 297
100 298
99 299
99 300
98 301
97 301
97 302
96 303
95 304
94 305
94 306
93 307
92 307
92 308
91 309
90 310
89 310
88 310
87 311
86 310
85 309
85 308
86 307
87 306
88 306
88 305
89 304
90 303
91 302
91 301
91 300
92 299
92 298
93 297
94 297
95 297
95 296
95 295
95 294
96 293
97 293
97 292
98 291
99 290
100 289
101 288
101 287
102 286
103 286
103 285
104 284
105 283
106 282
107 281
108 280
109 279
110 278
111 277
112 276
113 275
114 274
115 273
116 272
116 271
116 270
116 269
115 269
114 269
113 269
112 270
111 271
110 272
109 273
108 274
107 275
106 275
106 276
105 277
104 277
104 278
103 279
102 279
101 280
101 281
100 282
99 283
98 283
98 284
97 285
96 286
95 287
94 288
93 289
92 290
91 291
90 292
89 293
88 294
88 295
87 296
86 296
86 297
85 298
84 299
83 300
82 301
82 302
81 303
80 303
79 304
78 303
77 302
76 301
76 300
77 299
78 298
79 297
79 296
80 295
81 294
82 293
82 292
83 291
83 290
84 289
85 288
86 287
87 286
88 285
89 284
90 283
91 282
92 281
93 280
94 279
95 278
96 278
97 277
98 276
99 276
100 275
101 274
102 273
103 273
103 272
103 271
103 270
102 270
101 270
100 270
99 271
98 271
97 272
96 273
95 273
94 274
93 275
92 275
91 276
90 277
89 278
88 278
88 279
87 280
86 280
85 281
84 282
83 282
83 283
82 284
81 284
80 285
79 286
78 287
77 288
76 289
75 289
75 290
74 291
73 291
72 290
72 289
72 288
73 287
74 286
74 285
75 284
76 283
77 282
78 282
78 281
79 280
80 279
81 279
82 278
83 277
84 276
85 276
85 275
86 274
87 274
88 273
89 273
89 272
90 271
91 271
92 270
93 270
94 269
95 268
96 267
97 267
98 266
99 265
100 265
101 264
102 264
103 263
104 262
105 262
106 261
Siguiente contorno
363 256
364 255
365 256
364 257
Siguiente contorno
360 255
361 254
362 254
363 255
362 256
361 256
Siguiente contorno
179 247
180 246
181 246
182 246
183 247
184 248
183 249
183 250
182 251
181 252
180 252
179 253
179 254
178 255
177 255
176 256
175 257
174 258
173 259
172 259
172 260
171 261
170 261
170 262
169 263
168 263
168 264
167 265
166 265
166 266
165 267
164 267
163 268
162 269
162 270
161 271
160 272
159 272
159 273
158 274
157 275
157 276
156 277
155 277
154 278
154 279
153 280
152 280
151 281
150 282
149 283
148 284
147 285
147 286
146 287
145 287
145 288
144 289
143 289
143 290
142 291
141 292
140 293
139 294
138 295
138 296
137 297
136 297
136 298
135 299
134 300
133 301
132 302
131 303
130 304
130 305
129 306
128 307
127 308
126 309
126 310
125 311
124 311
123 310
123 309
124 308
125 307
126 306
127 305
127 304
128 303
129 302
130 301
130 300
131 299
132 298
133 297
134 296
135 295
136 294
137 293
137 292
138 291
139 291
139 290
140 289
141 288
142 287
143 286
143 285
144 284
145 284
146 283
147 282
148 281
149 280
149 279
150 278
151 278
151 277
152 276
153 276
153 275
154 274
155 274
155 273
156 272
157 272
157 271
158 270
159 270
159 269
159 268
159 267
158 267
157 267
156 267
156 268
155 269
154 269
154 270
153 271
152 271
152 272
151 273
150 273
150 274
149 275
148 275
148 276
147 277
146 277
145 278
144 279
143 280
142 281
142 282
141 283
140 283
139 284
138 285
137 286
136 287
136 288
135 289
134 289
134 290
133 291
132 292
131 293
130 294
129 295
128 295
127 295
127 296
126 297
125 297
125 298
124 299
123 300
122 301
121 302
121 303
120 304
120 305
119 306
118 306
118 307
118 308
118 309
117 310
116 311
115 311
115 312
115 313
115 314
114 315
113 315
112 315
112 316
111 317
111 318
110 319
109 320
108 320
108 321
107 322
107 323
106 324
105 324
104 323
104 322
105 321
105 320
106 319
107 318
107 317
108 316
109 315
109 314
110 313
111 312
111 311
112 310
113 309
114 308
114 307
115 306
115 305
116 304
117 303
118 302
118 301
119 300
119 299
120 298
121 297
121 296
122 295
123 294
123 293
124 292
125 291
126 290
126 289
127 288
128 287
128 286
129 285
130 284
130 283
131 282
132 282
132 281
133 280
134 279
135 278
135 277
136 276
137 275
138 274
139 273
139 272
140 271
141 270
142 269
143 268
144 267
145 266
146 265
146 264
146 263
147 262
148 262
149 262
150 261
151 260
152 260
153 259
154 259
155 258
156 257
157 257
158 256
159 256
160 255
161 255
162 254
163 254
164 253
165 253
166 252
167 252
168 252
169 251
170 251
171 250
172 249
173 249
174 249
175 248
176 248
177 248
178 247
Siguiente contorno
175 242
176 241
177 241
178 241
179 242
178 243
177 243
176 243
Siguiente contorno
91 242
91 243
91 244
91 245
92 245
93 245
94 245
94 244
94 243
94 242
93 242
92 242
Siguiente contorno
353 241
354 240
355 240
356 240
357 240
358 241
357 242
357 243
357 244
357 245
358 246
358 247
359 248
359 249
359 250
360 251
360 252
360 253
359 254
358 254
357 253
356 252
355 252
354 251
354 250
353 249
353 248
353 247
352 247
351 246
351 245
351 244
351 243
351 242
352 241
Siguiente contorno
90 237
91 236
92 236
93 236
94 236
95 236
96 236
97 236
98 236
99 236
100 236
101 236
102 236
103 237
103 238
103 239
103 240
102 241
101 241
100 241
99 241
99 242
99 243
99 244
99 245
99 246
98 247
97 248
96 248
95 248
94 248
93 249
92 249
91 249
90 249
89 250
88 250
87 250
86 251
85 251
84 251
83 251
82 252
81 252
80 253
79 253
78 253
77 253
76 254
75 254
74 255
73 255
72 255
71 255
70 256
69 256
68 257
67 257
66 257
65 257
64 258
63 258
62 259
61 259
60 259
59 259
58 259
57 259
56 259
55 258
56 257
57 256
58 255
59 254
60 253
61 253
62 252
63 252
64 251
65 251
66 251
67 250
68 250
69 250
70 249
71 249
72 249
73 248
74 248
75 248
76 247
77 247
78 247
79 247
80 246
81 246
82 246
83 246
84 246
85 246
86 246
86 245
86 244
86 243
85 243
84 243
83 243
82 243
81 243
80 243
79 243
78 243
77 243
76 244
75 244
74 244
73 244
72 245
71 245
70 245
69 245
68 245
67 246
66 246
65 247
64 247
63 247
62 247
61 247
60 248
59 249
58 249
57 248
57 247
58 246
58 245
59 244
60 243
61 243
62 242
63 242
64 242
65 242
65 241
66 240
67 240
68 239
69 239
70 239
71 239
72 239
73 239
74 239
75 239
76 238
77 238
78 238
79 238
80 238
81 238
82 237
83 237
84 237
85 237
86 237
87 237
88 237
89 237
Siguiente contorno
28 234
29 233
30 233
31 234
31 235
30 236
29 237
28 237
27 236
27 235
Siguiente contorno
163 233
162 234
161 234
160 234
159 234
158 234
157 234
156 235
155 235
154 235
153 235
152 235
151 236
150 236
149 236
148 236
147 236
146 237
145 237
144 237
143 237
142 237
141 238
140 238
139 238
138 238
137 238
136 238
135 239
134 239
133 239
132 239
131 239
130 239
129 239
128 239
127 239
126 240
125 240
124 240
124 241
124 242
124 243
125 243
126 243
127 243
128 242
129 242
130 242
131 242
132 242
133 242
134 242
135 242
136 241
137 241
138 241
139 241
140 241
141 241
142 241
143 240
144 240
145 240
146 240
147 240
148 239
149 239
150 239
151 239
152 239
153 238
154 238
155 238
156 238
157 238
158 237
159 237
160 237
161 237
162 237
163 237
164 236
165 236
166 236
166 235
166 234
166 233
165 233
164 233
Siguiente contorno
143 227
144 226
145 226
146 226
147 226
148 226
149 226
150 226
151 226
152 226
153 226
154 226
155 226
156 227
157 227
158 227
159 227
160 228
160 229
160 230
161 230
162 230
163 230
164 230
165 229
165 228
166 227
167 227
168 228
169 228
170 228
171 228
172 228
173 228
174 228
175 229
176 229
177 229
178 230
177 231
176 231
175 231
174 231
173 232
172 232
172 233
172 234
172 235
173 235
174 235
175 235
176 234
177 235
178 236
177 237
176 238
175 238
174 238
173 238
172 239
171 239
170 239
169 240
168 240
168 241
168 242
168 243
169 243
170 243
171 243
172 242
173 242
174 242
175 242
176 243
175 244
174 245
173 245
172 245
171 246
170 246
169 247
168 247
167 247
166 248
165 249
164 249
163 249
162 250
161 250
160 251
159 251
158 252
157 252
156 253
155 253
154 253
153 254
152 255
151 255
150 256
149 256
148 256
147 256
146 256
145 257
144 257
143 257
142 257
141 257
140 258
139 258
138 258
137 258
136 258
135 258
134 258
133 258
132 258
131 258
130 258
129 259
128 259
127 259
126 259
125 260
124 260
123 259
122 259
121 259
120 259
119 258
118 258
117 258
116 258
115 257
114 257
113 257
112 257
111 257
110 256
109 256
108 256
107 256
106 257
105 257
104 257
103 258
102 259
101 259
100 260
99 261
98 261
97 262
96 262
95 263
94 264
93 264
92 265
91 265
91 266
90 267
89 267
88 268
87 268
86 269
85 270
84 271
83 271
82 272
81 273
80 273
79 274
78 274
77 275
76 276
75 277
74 277
74 278
73 279
72 279
71 279
70 279
70 280
69 281
68 281
67 281
66 281
65 282
64 281
63 280
64 279
65 278
66 277
67 276
68 275
69 275
70 274
71 274
72 273
73 273
74 272
75 271
76 270
77 270
78 269
79 269
80 268
81 267
82 267
83 266
84 265
85 265
86 264
86 263
86 262
86 261
85 261
84 261
83 261
82 262
81 263
80 263
79 264
78 265
77 265
76 266
75 266
74 267
73 267
72 268
71 269
70 269
69 270
68 270
67 271
66 271
65 272
64 272
63 273
62 274
61 274
60 274
59 274
58 274
57 273
57 272
57 271
58 270
59 269
60 268
60 267
61 266
62 265
63 265
64 264
65 264
66 263
67 263
68 263
69 262
70 262
71 261
72 261
73 260
74 260
75 260
76 259
77 259
78 258
79 258
80 258
81 257
82 257
83 257
84 256
85 256
86 256
87 255
88 255
89 255
90 254
91 254
92 254
93 253
94 253
95 252
96 252
97 252
98 252
99 252
100 252
101 253
101 254
102 254
103 254
104 254
104 253
104 252
104 251
103 251
102 250
102 249
102 248
103 247
103 246
104 245
105 244
105 243
106 242
106 241
106 240
106 239
107 238
107 237
108 236
109 236
110 235
111 235
112 234
113 234
114 233
115 233
116 233
117 232
118 232
119 231
120 231
121 231
122 230
123 230
124 230
125 229
126 229
127 229
128 229
129 228
130 228
131 228
132 228
133 228
134 228
135 227
136 227
137 227
138 227
139 227
140 227
141 227
142 227
Siguiente contorno
160 222
161 221
162 222
161 223
Siguiente contorno
172 218
173 217
174 217
175 218
175 219
174 220
173 220
172 220
171 220
170 220
169 219
170 218
171 218
Siguiente contorno
91 214
92 213
93 213
94 213
95 213
96 213
97 213
98 213
99 213
100 214
101 214
102 214
103 214
104 214
105 214
106 214
107 214
108 214
109 215
110 215
111 215
112 215
113 215
114 215
115 216
116 216
117 216
118 216
119 217
120 217
121 217
122 217
123 218
124 218
125 218
126 219
127 219
128 219
129 220
130 220
131 221
132 221
133 222
134 222
135 223
134 224
133 224
132 224
131 224
130 225
129 225
128 225
127 225
126 226
125 226
124 226
123 226
122 227
121 227
120 227
119 228
118 228
117 228
116 229
115 229
114 229
113 230
112 230
111 230
110 231
109 231
108 232
107 232
106 233
105 233
104 233
103 233
102 233
101 233
100 233
99 233
98 233
97 233
96 233
95 233
94 233
93 233
92 233
91 233
90 233
89 233
88 233
87 233
86 233
85 233
84 233
83 233
82 233
81 233
80 234
79 234
78 234
77 234
76 234
75 234
74 234
73 234
72 234
71 234
70 234
69 234
68 234
67 235
66 235
65 234
64 233
64 232
63 231
64 230
65 229
65 228
66 227
67 227
68 226
69 226
70 226
71 226
72 226
73 225
74 225
75 225
76 225
77 225
78 225
79 225
80 225
81 225
82 224
83 224
84 224
85 224
86 224
87 224
88 224
89 224
90 224
91 224
92 224
93 224
94 224
95 224
96 224
97 224
98 224
99 224
100 224
101 224
102 224
102 223
102 222
102 221
101 221
100 221
99 221
98 221
97 221
96 221
95 221
94 221
93 221
92 221
91 221
90 221
89 221
88 221
87 221
86 221
85 221
84 221
83 221
82 221
81 221
80 221
79 221
78 221
77 221
76 221
75 221
74 221
73 221
72 221
71 221
70 221
69 221
68 221
67 220
68 219
69 218
70 217
71 216
72 216
73 216
74 215
75 215
76 215
77 215
78 215
79 214
80 214
81 214
82 214
83 214
84 214
85 214
86 214
87 214
88 214
89 214
90 214
Siguiente contorno
101 209
102 208
103 209
102 210
Siguiente contorno
95 209
96 208
97 208
98 209
97 210
96 210
Siguiente contorno
41 209
42 208
43 208
44 209
44 210
43 211
42 211
41 211
40 210
Siguiente contorno
94 208
95 207
96 208
95 209
Siguiente contorno
74 207
75 206
76 206
77 207
78 207
79 207
80 207
81 207
82 207
83 207
84 207
85 207
86 207
87 207
88 208
89 208
90 208
91 208
92 209
91 210
90 210
89 210
88 210
87 210
86 210
85 210
84 210
83 210
82 210
81 210
80 210
79 210
78 210
77 210
76 210
75 210
74 210
73 210
72 210
71 209
72 208
73 207
Siguiente contorno
69 194
70 193
71 193
72 193
73 193
74 193
75 193
76 193
77 193
78 193
79 193
80 193
81 193
82 193
83 193
84 193
85 193
86 193
87 193
88 193
89 193
90 193
91 193
92 194
93 194
94 194
95 194
96 194
97 194
98 194
99 194
100 194
101 195
102 195
103 195
104 195
105 195
106 195
107 195
108 195
109 195
110 196
111 196
112 196
113 196
114 196
115 196
116 197
117 197
118 197
119 197
120 197
121 197
122 198
123 198
124 198
125 198
126 198
127 198
128 198
129 198
130 198
131 199
132 199
133 199
134 199
135 199
136 199
137 200
138 200
139 200
140 200
141 200
142 200
143 200
144 200
145 200
146 201
147 201
148 201
149 201
150 201
151 201
152 202
153 202
154 202
155 202
156 202
157 203
158 203
159 203
160 203
161 204
162 204
163 204
164 204
165 204
166 205
167 205
168 205
169 206
170 206
171 206
172 206
173 206
174 206
175 207
176 207
177 208
176 209
176 210
175 211
175 212
174 213
173 214
172 214
171 214
170 214
169 215
168 215
167 216
166 216
166 217
166 218
165 219
164 219
164 220
164 221
163 222
162 222
161 221
161 220
161 219
161 218
160 218
159 217
158 217
157 217
156 216
155 216
154 216
153 215
152 215
151 215
150 214
149 214
148 214
147 213
146 213
145 213
144 212
143 212
142 211
141 211
140 211
139 211
138 210
137 210
136 210
135 210
134 209
133 209
132 208
131 208
130 208
129 208
128 208
127 207
126 207
125 206
124 206
123 206
122 206
121 205
120 205
119 205
118 205
117 204
116 204
115 204
114 204
113 203
112 203
111 203
110 203
109 202
108 202
107 202
106 202
105 202
104 202
103 202
102 202
101 202
100 201
99 201
98 201
97 201
96 201
95 200
94 200
93 200
92 200
91 200
90 199
89 199
88 199
87 199
86 199
85 199
84 199
83 199
82 198
81 198
80 198
79 198
78 198
77 197
76 197
75 197
74 196
73 196
72 195
71 195
70 195
Siguiente contorno
94 176
94 177
94 178
94 179
95 179
96 179
97 179
98 179
99 179
100 179
101 180
101 181
101 182
101 183
102 183
103 183
104 183
104 182
104 181
104 180
103 180
102 180
101 180
100 179
100 178
100 177
100 176
99 176
98 176
97 176
96 176
95 176
Siguiente contorno
119 170
120 169
121 169
122 169
123 169
124 169
125 170
126 170
127 170
128 170
129 170
130 170
131 170
132 170
133 170
134 170
135 170
136 170
137 170
138 170
139 170
140 170
141 170
142 170
143 171
144 171
145 171
146 171
147 171
148 171
149 171
150 171
151 172
151 173
152 173
153 173
154 174
154 175
155 176
155 177
155 178
155 179
155 180
156 181
156 182
156 183
157 183
158 184
158 185
159 185
160 185
161 186
162 186
163 187
163 188
163 189
163 190
163 191
163 192
163 193
164 194
164 195
165 195
166 195
167 195
168 195
169 196
170 197
170 198
171 198
172 198
173 198
174 198
175 199
176 200
176 201
175 202
174 202
173 202
172 202
171 201
170 201
169 201
168 201
167 200
166 200
165 200
164 200
163 199
162 199
161 199
160 199
159 199
158 199
157 198
156 198
155 198
154 198
153 198
152 198
151 197
150 197
149 197
148 197
147 197
146 197
145 196
144 196
143 196
142 196
141 196
140 196
139 196
138 196
137 196
136 195
135 195
134 195
133 195
132 195
131 195
130 194
129 194
128 194
127 194
126 194
125 194
124 194
123 194
122 193
121 193
120 193
119 193
118 193
117 193
116 193
115 192
114 192
113 192
112 192
111 192
110 191
109 191
108 191
107 191
106 191
105 191
104 191
103 191
102 191
101 191
100 191
99 191
98 191
97 190
96 190
95 190
94 190
93 190
92 190
91 190
90 190
89 189
88 189
87 189
86 189
85 189
84 189
83 189
82 189
81 189
80 189
79 189
78 189
77 189
76 188
75 188
74 188
73 188
72 188
71 188
70 188
69 188
68 188
67 188
66 187
65 187
64 187
63 186
62 186
61 186
60 185
59 185
58 184
57 183
57 182
56 181
56 180
56 179
55 178
55 177
55 176
56 175
56 174
56 173
57 172
58 172
59 172
60 172
61 172
62 172
63 172
64 172
65 172
66 172
67 172
68 172
69 172
70 172
71 171
72 171
73 171
74 171
75 171
76 171
77 171
78 171
79 171
80 171
81 171
82 171
83 170
84 170
85 170
86 170
87 170
88 171
88 172
88 173
88 174
89 174
90 174
91 174
91 173
91 172
91 171
92 170
93 170
94 170
95 170
96 170
97 170
98 170
99 170
100 170
101 170
102 170
103 170
104 170
105 170
106 170
107 170
108 170
109 170
110 170
111 170
112 170
113 170
114 170
115 170
116 170
117 170
118 170
Siguiente contorno
80 160
80 161
80 162
80 163
81 163
82 163
83 163
83 162
83 161
83 160
82 160
81 160
Siguiente contorno
117 157
117 158
117 159
117 160
118 160
119 160
120 160
120 159
120 158
120 157
119 157
118 157
Siguiente contorno
86 156
86 157
86 158
86 159
87 159
88 159
89 159
89 158
89 157
89 156
88 156
87 156
Siguiente contorno
110 152
110 153
110 154
110 155
111 155
112 155
113 155
113 154
113 153
113 152
112 152
111 152
Siguiente contorno
34 151
35 150
36 151
36 152
35 153
34 152
Siguiente contorno
123 147
124 146
125 147
126 147
127 147
128 147
129 147
130 147
131 147
132 147
133 147
134 148
135 148
136 149
137 149
138 150
139 151
140 152
141 153
142 154
143 155
143 156
144 156
145 157
145 158
145 159
144 160
144 161
143 162
142 163
142 164
142 165
141 166
140 166
139 166
138 166
137 166
136 166
135 166
134 166
133 166
132 166
131 166
130 166
129 166
128 166
127 166
126 166
125 166
124 166
123 166
122 166
121 166
120 166
119 166
118 166
117 166
116 166
115 166
114 166
113 166
112 166
111 166
110 166
109 166
108 166
107 166
106 166
105 166
104 166
103 166
102 166
101 166
100 166
99 166
98 166
97 166
96 166
95 166
94 166
93 166
92 166
91 166
90 166
89 167
88 167
87 167
86 167
85 167
84 167
83 167
82 167
81 167
80 167
79 167
78 167
77 167
76 167
75 167
74 167
73 167
72 167
71 167
70 167
69 168
68 168
67 168
66 168
65 168
64 168
63 168
62 168
61 168
60 167
61 166
62 165
62 164
63 163
64 162
65 162
66 161
67 160
68 159
69 158
70 158
71 157
72 156
73 156
74 155
75 155
76 154
77 153
78 153
79 153
80 152
81 152
82 151
83 151
84 150
85 150
86 150
87 150
88 149
89 149
90 149
91 149
92 149
93 149
94 149
95 149
96 149
97 149
98 149
99 149
100 148
101 148
102 148
103 148
104 148
105 148
106 148
107 148
108 148
109 148
110 148
111 148
112 148
113 147
114 147
115 147
116 147
117 147
118 147
119 147
120 147
121 147
122 147
Siguiente contorno
30 124
31 123
32 124
33 125
32 126
32 127
31 128
30 127
30 126
30 125
Siguiente contorno
162 100
163 99
164 100
164 101
165 102
166 103
166 104
166 105
167 106
166 107
166 108
165 109
164 109
163 109
162 109
161 109
160 108
159 108
158 108
157 108
156 108
155 107
154 107
153 106
152 106
151 106
150 105
150 104
151 103
152 103
153 103
154 102
155 102
156 102
157 102
158 102
159 102
160 102
161 101
162 101
Siguiente contorno
139 100
140 99
141 100
140 101
Siguiente contorno
141 98
142 97
143 97
144 97
145 98
146 99
145 100
144 100
143 100
142 100
141 100
140 99
Siguiente contorno
52 96
53 95
54 95
55 95
56 95
57 95
58 95
59 95
60 95
61 95
62 95
63 96
64 96
65 96
66 96
67 96
68 96
69 96
70 96
71 97
72 97
73 97
74 97
75 97
76 97
77 97
78 97
79 98
79 99
79 100
79 101
80 102
80 103
81 104
80 105
79 106
78 106
77 106
76 106
75 107
74 107
73 107
72 107
71 108
70 108
69 108
68 108
67 109
66 109
65 109
64 109
63 110
62 110
61 111
60 111
59 111
58 111
57 112
56 112
55 112
54 112
53 113
52 113
51 112
50 112
49 112
48 112
47 112
46 112
45 112
44 112
43 112
42 112
41 112
40 111
41 110
42 110
42 109
43 108
44 108
45 108
46 108
46 107
46 106
46 105
46 104
46 103
46 102
47 101
47 100
48 99
49 98
50 97
51 97
Siguiente contorno
63 75
64 74
65 74
66 75
67 75
68 76
69 76
70 76
71 76
72 76
73 76
74 75
75 75
76 75
77 76
78 76
79 76
80 76
81 76
82 77
82 78
83 78
84 78
85 78
86 77
87 77
88 77
89 78
90 79
91 79
92 79
93 80
94 81
95 81
96 82
97 83
98 84
98 85
98 86
98 87
97 88
97 89
96 90
95 91
94 91
93 92
92 92
91 93
90 93
89 93
88 93
87 94
86 94
85 94
84 94
83 94
82 94
81 94
80 94
79 94
78 94
77 94
76 93
75 93
74 93
73 93
72 93
71 93
70 92
69 92
68 92
67 91
66 91
65 91
64 91
63 91
62 91
61 90
60 89
59 88
59 87
60 86
61 85
62 85
63 85
64 85
65 85
66 85
67 85
67 84
67 83
67 82
67 81
67 80
66 80
65 79
64 79
63 79
62 78
61 77
61 76
62 75
Siguiente contorno
83 59
84 58
85 58
86 59
87 59
88 59
89 60
90 60
91 60
92 60
93 61
94 61
95 61
96 62
97 63
98 64
98 65
99 66
100 66
101 67
102 68
102 69
102 70
101 71
100 71
99 72
98 72
97 73
96 73
95 74
94 74
93 74
92 74
91 74
90 74
89 74
88 73
87 73
86 73
85 72
84 72
83 72
82 71
81 71
80 71
79 70
78 70
77 70
76 70
75 69
75 68
76 67
77 68
78 68
79 68
80 68
80 67
80 66
80 65
80 64
79 64
78 63
78 62
79 61
80 60
81 59
82 59
Siguiente contorno
106 49
107 48
108 48
109 48
110 48
111 48
112 48
113 48
114 49
115 49
116 50
117 51
118 52
119 53
119 54
120 55
120 56
120 57
120 58
120 59
120 60
119 61
118 61
117 61
116 61
115 61
114 61
113 61
112 61
111 60
110 59
109 59
108 58
107 57
106 56
105 56
104 55
103 54
103 53
103 52
104 51
104 50
105 49
Siguiente contorno
33 33
34 32
35 32
36 33
37 33
38 33
39 33
40 32
41 32
42 33
43 33
44 33
45 33
46 33
47 33
48 33
49 34
49 35
49 36
50 37
51 38
50 39
49 40
48 40
47 40
46 40
45 40
44 40
43 40
42 40
41 40
40 40
39 40
38 40
37 40
36 40
35 39
34 38
33 38
32 38
31 37
32 36
32 35
32 34
Siguiente contorno
28 1
27 2
26 2
25 2
24 3
23 3
22 3
21 3
20 4
19 4
18 5
17 5
16 6
15 7
14 8
13 9
13 10
12 11
12 12
11 13
11 14
10 15
10 16
9 17
9 18
9 19
9 20
9 21
8 22
8 23
8 24
8 25
8 26
7 27
7 28
7 29
7 30
7 31
7 32
7 33
7 34
7 35
7 36
7 37
8 38
8 39
8 40
8 41
8 42
9 43
9 44
9 45
9 46
9 47
9 48
10 49
10 50
10 51
11 52
11 53
11 54
11 55
11 56
12 57
12 58
12 59
12 60
13 61
14 62
14 63
14 64
15 65
15 66
15 67
15 68
15 69
15 70
15 71
15 72
15 73
15 74
15 75
15 76
14 77
14 78
14 79
14 80
15 81
15 82
15 83
15 84
15 85
15 86
15 87
15 88
15 89
15 90
15 91
15 92
15 93
15 94
16 95
16 96
16 97
16 98
15 99
15 100
14 101
14 102
14 103
14 104
14 105
14 106
14 107
14 108
14 109
14 110
14 111
14 112
14 113
14 114
14 115
15 116
15 117
15 118
16 119
16 120
16 121
15 122
15 123
14 124
14 125
14 126
14 127
14 128
14 129
14 130
14 131
14 132
14 133
14 134
14 135
14 136
14 137
14 138
15 139
15 140
15 141
15 142
15 143
16 144
16 145
16 146
17 147
17 148
18 149
18 150
18 151
18 152
19 153
19 154
19 155
19 156
19 157
19 158
19 159
19 160
20 161
20 162
20 163
20 164
21 165
21 166
21 167
21 168
22 169
22 170
22 171
23 172
23 173
23 174
24 175
25 176
25 177
26 178
27 179
27 180
28 181
29 182
30 183
31 184
31 185
32 186
33 186
34 187
34 188
35 188
36 189
37 190
38 190
39 191
40 192
41 192
42 193
43 194
42 195
41 196
40 196
39 196
38 197
37 197
36 197
35 198
34 198
33 199
32 199
32 200
31 201
30 201
29 202
28 202
28 203
27 204
26 205
26 206
25 207
24 208
24 209
24 210
23 211
22 212
22 213
21 214
21 215
20 216
20 217
20 218
19 219
19 220
18 221
18 222
17 223
16 224
15 225
14 225
14 226
13 227
12 228
11 229
10 230
10 231
9 232
9 233
8 234
8 235
8 236
7 237
7 238
7 239
7 240
7 241
7 242
7 243
7 244
7 245
7 246
8 247
8 248
8 249
8 250
8 251
8 252
8 253
7 254
7 255
6 256
6 257
5 258
4 259
4 260
4 261
3 262
3 263
2 264
2 265
1 266
1 267
1 268
1 269
1 270
1 271
1 272
2 273
2 274
2 275
3 276
3 277
4 278
5 279
5 280
6 281
7 282
7 283
7 284
7 285
6 286
6 287
6 288
6 289
5 290
5 291
5 292
4 293
4 294
3 295
3 296
3 297
3 298
3 299
3 300
4 301
4 302
4 303
5 303
6 304
6 305
7 305
8 306
9 306
10 307
11 307
12 307
13 307
14 307
15 307
16 307
17 308
18 308
19 309
20 309
21 310
21 311
21 312
21 313
22 314
22 315
22 316
21 317
21 318
21 319
21 320
21 321
21 322
21 323
22 324
23 325
23 326
24 326
25 327
25 328
26 328
27 328
28 329
29 329
30 329
31 330
32 330
33 330
34 330
35 330
36 331
37 331
38 332
39 332
40 333
40 334
41 335
41 336
42 337
42 338
42 339
42 340
42 341
42 342
42 343
43 344
43 345
44 346
44 347
45 347
46 348
47 349
48 349
49 349
50 350
51 350
52 350
53 350
54 350
55 350
56 350
57 350
58 351
58 352
59 353
59 354
60 355
60 356
61 357
61 358
62 359
63 360
64 360
65 361
66 362
67 362
68 362
69 362
70 362
71 362
72 362
73 362
74 362
75 362
76 362
77 362
78 361
79 361
80 360
81 360
82 360
83 359
84 359
85 359
86 360
87 360
88 360
89 360
90 360
91 360
92 360
93 360
94 360
95 359
96 359
97 359
98 359
99 359
100 358
101 358
102 357
103 357
104 356
105 355
105 354
106 353
107 352
108 351
109 350
110 349
111 348
112 347
112 346
113 345
113 344
114 343
115 343
115 342
116 341
117 340
118 339
118 338
119 337
120 337
121 337
122 336
123 336
124 336
124 335
125 334
125 333
125 332
126 331
127 330
128 329
129 329
130 328
131 328
131 327
132 326
133 325
134 325
134 324
135 323
136 323
137 322
138 322
138 321
139 320
140 319
140 318
141 317
142 317
142 316
142 315
142 314
142 313
143 312
143 311
144 310
145 310
146 309
147 309
148 309
148 308
148 307
148 306
149 305
150 304
151 305
151 306
151 307
150 308
150 309
150 310
150 311
150 312
149 313
149 314
149 315
149 316
149 317
149 318
149 319
149 320
149 321
149 322
149 323
149 324
150 324
151 324
152 324
153 324
154 324
155 324
156 324
157 324
158 324
159 323
160 323
161 323
162 323
163 322
164 321
165 321
166 320
167 320
168 319
169 319
170 318
171 319
171 320
170 321
169 322
168 322
168 323
168 324
168 325
168 326
167 327
166 327
166 328
165 329
165 330
164 331
163 332
162 333
161 333
161 334
161 335
160 336
159 336
159 337
159 338
159 339
158 340
157 340
157 341
157 342
157 343
156 344
155 344
154 344
154 345
154 346
153 347
153 348
153 349
152 350
151 350
151 351
151 352
151 353
151 354
151 355
151 356
150 357
150 358
149 359
149 360
148 361
147 362
146 363
145 364
145 365
144 366
143 367
143 368
142 369
142 370
141 371
141 372
140 373
140 374
139 375
139 376
138 377
138 378
138 379
138 380
137 381
137 382
137 383
137 384
137 385
137 386
137 387
137 388
137 389
137 390
137 391
137 392
137 393
137 394
137 395
138 396
138 397
138 398
139 399
139 400
139 401
139 402
139 403
139 404
139 405
140 406
140 407
141 408
141 409
142 410
142 411
142 412
143 413
143 414
143 415
144 416
145 417
146 417
147 418
148 419
149 419
150 420
151 420
152 420
153 421
154 421
155 422
156 423
157 423
158 424
158 425
159 426
160 427
161 427
162 428
162 429
162 430
163 431
164 432
165 432
166 433
167 434
168 434
169 434
170 434
171 434
172 434
173 434
174 434
175 434
176 434
177 434
178 434
179 434
180 434
181 435
182 436
183 436
184 437
184 438
185 438
186 439
186 440
187 441
187 442
188 443
189 444
190 444
191 445
192 446
193 446
194 447
195 447
196 447
197 447
198 447
199 447
200 446
201 446
202 446
203 446
204 445
205 445
206 445
207 445
208 446
209 446
210 446
211 447
211 448
212 449
212 450
213 451
213 452
214 453
214 454
215 455
216 455
217 455
218 455
219 456
219 457
220 457
221 457
222 457
223 457
224 457
225 457
226 457
227 456
228 456
229 455
230 454
230 453
231 452
232 452
233 451
234 451
235 450
236 450
237 449
238 449
239 449
240 449
241 450
242 450
243 450
244 451
245 451
246 451
247 451
248 451
249 451
250 451
251 451
252 451
253 451
254 450
255 449
256 449
257 448
258 447
259 446
260 445
261 444
261 443
262 442
263 441
264 440
265 439
266 438
267 437
268 437
269 437
270 437
271 437
272 436
273 436
274 436
275 436
276 436
277 435
278 435
279 434
280 434
281 433
282 433
282 432
283 431
284 430
285 429
286 428
286 427
287 426
288 425
289 424
289 423
289 422
290 421
291 421
291 420
292 419
293 418
294 417
295 417
295 416
296 415
297 415
297 414
298 413
299 412
300 411
300 410
301 409
302 408
302 407
303 406
304 405
304 404
305 403
305 402
306 401
306 400
306 399
306 398
307 397
307 396
307 395
307 394
307 393
308 392
308 391
308 390
308 389
308 388
309 387
310 387
311 388
312 389
313 389
314 390
315 391
316 391
317 392
318 393
319 393
320 394
321 394
322 395
323 395
324 395
325 396
326 396
327 396
328 397
329 397
330 397
331 397
332 398
333 398
334 398
335 398
336 398
337 398
338 398
339 398
340 398
341 398
342 398
343 398
344 398
345 398
346 398
347 398
348 398
349 398
350 397
351 397
352 397
353 397
354 397
355 397
356 397
357 397
358 397
359 397
360 397
361 397
362 396
363 396
364 396
365 396
366 395
367 395
368 395
369 395
370 395
371 395
372 394
373 394
374 394
375 393
376 393
377 392
378 392
379 392
380 391
381 390
382 390
383 390
384 390
385 390
386 389
387 389
388 389
389 389
390 389
391 389
392 389
393 388
394 388
395 388
396 388
397 387
398 387
399 387
400 386
401 386
402 385
403 385
404 385
405 385
406 385
407 384
408 384
409 384
410 383
411 383
412 383
413 383
414 382
415 382
416 382
417 382
418 382
419 382
420 382
421 381
422 381
423 381
424 381
425 380
426 380
427 380
428 380
429 380
430 379
431 378
432 378
433 378
434 378
435 377
436 377
437 377
438 377
439 377
440 376
441 376
442 376
443 376
444 376
445 376
446 376
447 376
448 376
449 376
450 376
451 376
452 376
453 376
454 376
455 376
456 376
457 376
458 376
459 375
460 375
461 375
462 374
463 374
464 374
465 373
466 373
467 373
468 373
469 373
470 372
471 372
472 371
473 371
474 371
475 370
476 370
477 370
478 370
479 369
480 369
481 368
482 368
483 367
484 367
485 366
486 366
487 365
488 365
488 364
489 363
490 362
491 361
492 361
493 360
494 359
494 358
495 357
496 356
497 355
498 354
498 353
498 352
498 351
498 350
498 349
498 348
498 347
498 346
498 345
498 344
498 343
498 342
498 341
498 340
498 339
498 338
498 337
498 336
497 335
497 334
497 333
496 332
496 331
495 330
495 329
495 328
494 327
494 326
494 325
493 324
493 323
492 322
492 321
492 320
491 319
491 318
491 317
490 316
489 315
489 314
488 313
487 312
486 311
486 310
485 309
485 308
484 307
483 306
482 305
481 304
481 303
480 302
479 301
478 300
477 299
476 298
475 297
474 296
474 295
473 294
472 294
471 293
471 292
470 291
469 290
468 290
467 289
467 288
466 287
465 287
464 286
463 285
462 284
461 283
460 282
459 281
458 281
457 280
456 279
455 278
454 277
453 276
452 276
451 275
450 274
449 274
448 273
447 273
446 272
446 271
445 271
444 270
443 270
442 269
442 268
441 268
440 267
439 266
438 265
437 265
436 264
435 263
434 263
433 262
432 261
431 260
430 260
429 259
428 258
427 257
426 257
425 256
424 256
423 255
422 254
421 254
420 253
419 253
418 252
417 251
416 251
415 250
414 250
413 249
412 249
411 248
410 247
409 247
408 246
407 246
406 245
405 245
404 245
403 244
402 243
401 243
400 243
399 242
398 242
397 241
396 241
395 240
394 240
393 239
392 239
391 238
390 238
389 238
388 237
387 237
386 236
385 236
384 236
383 235
382 235
381 234
380 234
379 234
378 233
377 233
376 232
375 232
374 232
373 231
372 231
371 231
370 230
369 230
368 230
367 229
366 229
365 229
364 228
363 228
362 228
361 227
360 227
359 226
358 226
357 226
356 226
355 225
354 225
353 224
352 224
351 224
350 224
349 223
348 223
347 223
346 222
345 222
344 222
343 222
342 221
341 221
340 221
339 221
338 220
337 220
336 220
335 220
334 219
333 219
332 219
331 219
330 218
329 218
328 218
327 218
326 217
325 217
324 217
323 216
322 216
321 216
320 216
319 216
318 215
317 215
316 215
315 215
314 215
313 215
312 215
311 214
310 214
309 214
308 214
307 214
306 214
305 214
304 214
303 213
302 213
301 213
300 213
299 213
298 213
297 212
296 212
295 212
294 212
293 212
292 211
291 211
290 211
289 211
288 211
287 211
286 211
285 211
284 211
283 211
282 211
281 210
280 210
279 210
278 210
277 210
276 210
275 210
274 210
273 210
272 210
271 210
270 210
269 210
268 210
267 210
266 210
265 210
264 210
263 210
262 210
261 210
260 210
259 210
258 211
257 211
256 211
255 211
254 211
253 211
252 211
251 211
250 210
250 209
250 208
250 207
251 206
252 205
253 204
253 203
254 202
255 202
256 202
257 202
258 201
259 201
260 200
261 199
261 198
262 197
262 196
262 195
262 194
262 193
262 192
262 191
261 190
262 189
263 189
264 189
265 189
266 189
267 189
268 189
269 188
270 188
271 188
272 188
273 187
274 187
275 187
276 186
277 186
278 186
279 186
280 185
281 185
282 185
283 185
284 184
285 184
286 183
287 183
288 183
289 183
290 183
291 183
292 183
293 182
294 182
295 182
296 181
297 181
298 181
299 180
300 180
301 180
302 180
303 180
304 179
305 179
306 179
307 179
308 179
309 178
310 178
311 178
312 178
313 178
314 178
315 178
316 178
317 177
318 177
319 177
320 177
321 177
322 177
323 177
324 177
325 177
326 177
327 178
328 178
329 178
330 178
331 178
332 178
333 179
334 179
335 179
336 179
337 179
338 180
339 180
340 180
341 181
342 181
343 182
344 182
345 183
346 183
347 184
348 184
349 185
350 185
351 186
352 186
353 187
354 187
355 187
356 187
356 186
356 185
356 184
355 183
355 182
354 181
353 180
352 180
351 179
350 179
349 178
348 178
347 178
346 177
345 177
344 177
343 176
342 176
341 176
340 176
339 175
338 175
337 175
336 175
335 175
334 175
333 175
332 174
331 174
330 174
329 174
328 174
327 174
326 174
325 174
324 174
323 174
322 174
321 174
320 174
319 174
318 174
317 174
316 174
315 174
314 174
313 174
312 174
311 174
310 175
309 175
308 175
307 175
306 175
305 175
304 176
303 176
302 176
301 177
300 177
299 177
298 177
297 177
296 177
295 178
294 178
293 178
292 178
291 178
290 179
289 179
288 180
287 180
286 180
285 180
284 180
283 181
282 181
281 181
280 181
279 182
278 182
277 182
276 182
275 183
274 183
273 183
272 184
271 184
270 184
269 184
268 184
267 185
266 185
265 185
264 185
263 185
262 186
261 186
260 185
261 184
261 183
261 182
261 181
260 181
259 180
258 179
258 178
257 177
257 176
256 176
255 176
254 176
253 176
252 176
251 175
250 174
250 173
250 172
250 171
250 170
250 169
250 168
250 167
249 166
249 165
249 164
249 163
249 162
249 161
249 160
249 159
249 158
249 157
248 156
248 155
248 154
248 153
248 152
247 151
247 150
247 149
247 148
247 147
247 146
246 145
246 144
246 143
246 142
246 141
245 140
245 139
245 138
245 137
245 136
245 135
244 134
244 133
244 132
244 131
244 130
243 129
243 128
243 127
243 126
243 125
242 124
242 123
242 122
242 121
242 120
241 119
241 118
241 117
240 116
240 115
240 114
240 113
239 112
239 111
239 110
238 109
238 108
238 107
237 106
237 105
237 104
236 103
236 102
235 101
235 100
234 99
234 98
233 97
233 96
232 95
231 94
231 93
230 92
229 91
228 90
227 89
227 88
226 88
225 87
224 86
223 85
222 85
221 84
220 84
219 84
218 84
217 84
216 84
216 85
216 86
216 87
216 88
217 89
218 89
219 90
220 90
221 91
222 91
223 92
224 93
224 94
225 94
226 95
226 96
227 97
228 98
228 99
229 100
230 101
230 102
231 103
231 104
232 105
232 106
233 107
233 108
234 109
234 110
235 111
235 112
235 113
236 114
236 115
237 116
237 117
237 118
237 119
238 120
238 121
238 122
238 123
239 124
239 125
239 126
239 127
240 128
240 129
240 130
240 131
240 132
241 133
241 134
241 135
241 136
241 137
241 138
241 139
242 140
242 141
242 142
242 143
243 144
243 145
243 146
243 147
243 148
243 149
243 150
244 151
244 152
244 153
244 154
245 155
245 156
245 157
245 158
245 159
245 160
245 161
246 162
246 163
246 164
246 165
246 166
246 167
246 168
247 169
247 170
247 171
247 172
247 173
247 174
247 175
247 176
248 177
247 178
246 178
245 178
244 178
243 178
242 178
241 179
240 179
239 179
238 180
238 181
237 182
237 183
237 184
237 185
237 186
237 187
236 188
236 189
236 190
235 191
234 192
233 193
232 193
231 193
230 193
229 193
228 192
227 191
227 190
227 189
227 188
226 187
226 186
226 185
225 184
225 183
225 182
225 181
224 180
224 179
223 178
223 177
223 176
223 175
222 174
222 173
222 172
222 171
221 170
220 169
220 168
220 167
219 166
219 165
218 164
218 163
218 162
217 161
217 160
216 159
216 158
216 157
215 156
215 155
214 154
214 153
213 152
213 151
212 150
212 149
211 148
211 147
210 146
210 145
209 144
209 143
209 142
208 141
208 140
207 139
206 138
206 137
205 136
205 135
204 134
203 133
203 132
202 131
202 130
201 129
200 128
200 127
199 126
198 125
198 124
197 123
196 122
196 121
195 120
194 119
194 118
193 117
192 116
192 115
191 114
190 113
189 112
189 111
188 110
187 109
187 108
186 107
185 106
185 105
184 104
183 103
183 102
182 101
181 100
180 99
180 98
179 97
178 96
178 95
177 94
176 93
176 92
175 91
174 90
173 89
173 88
172 87
171 86
170 85
170 84
169 83
168 82
167 81
166 80
166 79
165 78
164 77
163 76
163 75
162 75
161 74
161 73
160 72
159 71
158 70
157 69
156 68
155 67
155 66
154 65
153 64
152 63
151 62
150 61
150 60
149 60
148 59
148 58
147 58
146 57
145 56
145 55
144 55
143 54
142 53
142 52
141 51
140 51
139 50
139 49
138 49
137 48
136 47
135 46
134 45
133 44
132 43
131 42
130 42
129 41
129 40
128 40
127 39
126 38
125 37
124 36
123 36
122 35
121 34
120 33
119 33
118 32
117 31
116 30
115 30
114 29
113 28
112 28
111 27
110 26
109 25
108 25
107 24
106 24
105 23
104 23
103 22
102 22
101 21
100 20
99 20
98 19
97 19
96 18
95 17
94 17
93 17
92 16
91 16
90 15
89 15
88 14
87 14
86 14
85 13
85 12
85 11
84 11
83 11
82 11
81 11
80 11
79 10
78 10
77 9
76 9
75 9
74 8
73 8
72 8
71 7
70 7
69 7
68 6
67 6
66 6
65 5
64 5
63 5
62 4
61 4
60 4
59 4
58 3
57 3
56 3
55 3
54 2
53 2
52 2
51 2
50 2
49 2
48 2
47 1
46 1
45 1
44 1
43 1
42 1
41 1
40 1
39 1
38 1
37 1
36 1
35 1
34 1
33 1
32 1
31 1
30 1
29 1
Siguiente contorno
