50000 3 15108
50100 4.1 23386.6
50200 5 31751.5
50300 6.5 40081.7
50400 7.6 48406
50500 8.7 56770.2
50600 10.2 65230.1
50700 11.3 73622.4
50800 13.1 82028.6
50900 14.3 90464
51000 15.5 98952.8
51100 16.7 107437
51200 18.2 115966
51300 19.6 124534
51400 21.3 133064
51500 22.6 141602
51600 24.1 150158
51700 25.6 158750
51800 27.4 167361
51900 29.1 176001
52000 30.3 184740
52100 31.5 193387
52200 32.8 202083
52300 34.2 210793
52400 35.6 219522
52500 36.8 228268
52600 38.1 237014
52700 39.7 245874
52800 41.4 254660
52900 43.1 263478
53000 44.4 272294
53100 45.8 281149
53200 47.6 290022
53300 49.4 298970
53400 50.8 307916
53500 52.1 316829
53600 53.6 325786
53700 55.3 334758
53800 57.1 343759
53900 58.9 352733
54000 60.5 362211
54100 61.8 371231
54200 63.1 380262
54300 64.7 389329
54400 66.3 398407
54500 67.7 407519
54600 69.3 416689
54700 71 425810
54800 73 434955
54900 74.8 444107
55000 76 453290
55100 77.1 462491
55200 78.5 471750
55300 80.3 481062
55400 82 490358
55500 83.3 499626
55600 84.9 508976
55700 86.4 518273
55800 88.1 527676
55900 90 537068
56000 91.4 546430
56100 92.8 555859
56200 94.2 565263
56300 95.6 574681
56400 97.4 584114
56500 99 593658
56600 100.7 603149
56700 102.5 612636
56800 104.2 622139
56900 105.8 631667
57000 106.8 641205
57100 108.3 650796
57200 109.9 660444
57300 111.7 670040
57400 113.5 679677
57500 115 689314
57600 116.8 699031
57700 118.3 708716
57800 120.4 718613
57900 122.3 728343
58000 123.9 738072
58100 125.2 747806
58200 126.6 757577
58300 128.1 767361
58400 130.3 777265
58500 132.2 787106
58600 134.3 796974
58700 136.2 806827
58800 138.5 816847
58900 140.7 826769
59000 142.3 836754
59100 143.9 846675
59200 145.9 858175
59300 147.7 868125
59400 149.5 878146
59500 151.4 888162
59600 153.5 898299
59700 155.1 908340
59800 157 918416
59900 159.1 928496
60000 160.3 938590
60100 161.6 948764
60200 163.2 958947
60300 164.9 969101
60400 166.7 979278
60500 168.4 989503
60600 170.1 999740
60700 171.8 1.01006e+06
60800 173.7 1.02038e+06
60900 175.8 1.03067e+06
61000 177.5 1.04095e+06
61100 179.2 1.05127e+06
61200 180.5 1.06158e+06
61300 183.1 1.07199e+06
61400 184.8 1.08235e+06
61500 186.5 1.09274e+06
61600 188.3 1.10315e+06
61700 190 1.11356e+06
61800 191.8 1.124e+06
61900 193.7 1.13443e+06
62000 195 1.14492e+06
62100 196.6 1.1554e+06
62200 198.4 1.16594e+06
62300 200.3 1.17646e+06
62400 201.9 1.18703e+06
62500 203.6 1.19759e+06
62600 205.4 1.20819e+06
62700 207.2 1.21878e+06
62800 209.1 1.22942e+06
62900 211.1 1.24004e+06
63000 213 1.25216e+06
63100 214.7 1.26282e+06
63200 216.2 1.27354e+06
63300 218.4 1.28427e+06
63400 220.4 1.29502e+06
63500 222.2 1.30575e+06
63600 224.4 1.31654e+06
63700 226.4 1.32733e+06
63800 228.3 1.33814e+06
63900 231 1.35162e+06
64000 232.6 1.36244e+06
64100 234.3 1.37329e+06
64200 236.1 1.38416e+06
64300 238 1.39506e+06
64400 239.9 1.40596e+06
64500 241.9 1.41698e+06
64600 244.1 1.42809e+06
64700 246.2 1.43908e+06
64800 248.3 1.45006e+06
64900 250.5 1.46105e+06
65000 252.3 1.47478e+06
65100 253.8 1.48582e+06
65200 255.9 1.49691e+06
65300 257.5 1.50797e+06
65400 259.4 1.51912e+06
65500 261.2 1.53021e+06
65600 263.3 1.54135e+06
65700 265.2 1.55249e+06
65800 267.2 1.56369e+06
65900 268.8 1.57485e+06
66000 270.6 1.58608e+06
66100 272.4 1.59732e+06
66200 274.1 1.60856e+06
66300 276.3 1.61983e+06
66400 278.2 1.63108e+06
66500 279.9 1.64237e+06
66600 281.9 1.65369e+06
66700 284.1 1.66503e+06
66800 286.5 1.67639e+06
66900 288.9 1.68777e+06
67000 290.3 1.69914e+06
67100 291.9 1.71057e+06
67200 293.6 1.72197e+06
67300 295.6 1.73339e+06
67400 297.6 1.74491e+06
67500 299.4 1.75637e+06
67600 301.5 1.76791e+06
67700 303.7 1.77943e+06
67800 305.7 1.79099e+06
67900 308 1.80252e+06
68000 309.8 1.81409e+06
68100 311.9 1.82567e+06
68200 314 1.83736e+06
68300 317 1.8501e+06
68400 319.7 1.86315e+06
68500 323.2 1.87721e+06
68600 329.1 1.89025e+06
68700 334 1.90338e+06
68800 339 1.91665e+06
68900 342.4 1.92974e+06
69000 347.5 1.94282e+06
69100 351 1.9559e+06
69200 354.3 1.96941e+06
69300 358.8 1.98318e+06
69400 363.3 1.99618e+06
69500 366.5 2.00888e+06
69600 370.1 2.02146e+06
69700 373 2.03419e+06
69800 375.6 2.0462e+06
69900 378 2.05813e+06
70000 379.4 2.07009e+06
70100 380.8 2.08205e+06
70200 382.5 2.09403e+06
70300 384.2 2.10604e+06
70400 385.5 2.11803e+06
70500 387.2 2.13005e+06
70600 388.5 2.14212e+06
70700 390.8 2.1542e+06
70800 392.8 2.16626e+06
70900 394.6 2.17839e+06
71000 396.1 2.19051e+06
71100 397.6 2.20265e+06
71200 399.4 2.21487e+06
71300 401.5 2.22707e+06
71400 403.2 2.23927e+06
71500 404.7 2.25149e+06
71600 406.6 2.26373e+06
71700 408.5 2.27604e+06
71800 410.6 2.2883e+06
71900 412.6 2.30059e+06
72000 414.2 2.31293e+06
72100 416.1 2.32525e+06
72200 417.9 2.33762e+06
72300 419.9 2.34998e+06
72400 421.8 2.36237e+06
72500 423.7 2.37476e+06
72600 425.5 2.38721e+06
72700 427.4 2.39968e+06
72800 429.5 2.41212e+06
72900 431.5 2.42464e+06
73000 433.2 2.43713e+06
73100 435 2.44987e+06
73200 438.7 2.46878e+06
73300 441.6 2.48195e+06
73400 446.1 2.49627e+06
73500 450.1 2.51018e+06
73600 455.7 2.52419e+06
73700 459.3 2.53819e+06
73800 466.2 2.55216e+06
73900 471.1 2.56621e+06
74000 478.1 2.58011e+06
74100 481.8 2.59433e+06
74200 484.9 2.60795e+06
74300 487.8 2.62126e+06
74400 490.8 2.6345e+06
74500 493.4 2.64778e+06
74600 495.7 2.66064e+06
74700 497.9 2.67352e+06
74800 500 2.68635e+06
74900 502.4 2.69943e+06
75000 503.9 2.71228e+06
75100 505.6 2.72515e+06
75200 507.5 2.73804e+06
75300 509.4 2.75095e+06
75400 511.3 2.76389e+06
75500 513.3 2.77686e+06
75600 515.3 2.78984e+06
75700 517.3 2.80285e+06
75800 519.4 2.81586e+06
75900 521.3 2.82887e+06
76000 523.2 2.84194e+06
76100 525 2.85502e+06
76200 526.9 2.86811e+06
76300 528.9 2.8812e+06
76400 530.9 2.89435e+06
76500 532.9 2.90747e+06
76600 535.2 2.92063e+06
76700 537.4 2.93379e+06
76800 539.6 2.947e+06
76900 541.9 2.96023e+06
77000 543.9 2.97348e+06
77100 546.2 2.98675e+06
77200 548.2 3.0001e+06
77300 550.4 3.01336e+06
77400 552.6 3.02674e+06
77500 554.6 3.04007e+06
77600 556.6 3.05339e+06
77700 558.6 3.06678e+06
77800 561 3.08017e+06
77900 563.4 3.09358e+06
78000 565.4 3.107e+06
78100 567.6 3.12048e+06
78200 569.8 3.13393e+06
78300 572 3.14739e+06
78400 574.2 3.16089e+06
78500 576.3 3.17442e+06
78600 578.8 3.18804e+06
78700 581.8 3.20189e+06
78800 584.3 3.21547e+06
78900 586.8 3.22905e+06
79000 588.9 3.24266e+06
79100 591.1 3.25631e+06
79200 593.1 3.26997e+06
79300 595.5 3.28363e+06
79400 598 3.29734e+06
79500 600.4 3.31103e+06
79600 602.7 3.32502e+06
79700 604.9 3.3388e+06
79800 607.6 3.35256e+06
79900 610.3 3.36639e+06
80000 612 3.38019e+06
80100 614.1 3.39432e+06
80200 616 3.40814e+06
80300 617.9 3.42198e+06
80400 620.1 3.43584e+06
80500 622 3.44971e+06
80600 624.3 3.46361e+06
80700 626.2 3.47753e+06
80800 628.5 3.49149e+06
80900 630.7 3.50542e+06
81000 632.6 3.51945e+06
81100 634.7 3.53346e+06
81200 636.8 3.54744e+06
81300 639.3 3.5616e+06
81400 641.8 3.57564e+06
81500 644 3.58969e+06
81600 646.6 3.60476e+06
81700 649.6 3.61954e+06
81800 651.8 3.63363e+06
81900 655.4 3.64816e+06
82000 658.2 3.66316e+06
82100 661.7 3.68082e+06
82200 664.8 3.69728e+06
82300 668.7 3.71281e+06
82400 671.8 3.72873e+06
82500 674.9 3.74381e+06
82600 677.9 3.75956e+06
82700 681.9 3.77491e+06
82800 684.4 3.78942e+06
82900 687 3.80395e+06
83000 689.6 3.81948e+06
83100 692.8 3.83593e+06
83200 695.8 3.85238e+06
83300 698.6 3.86757e+06
83400 701.2 3.88251e+06
83500 703.5 3.89737e+06
83600 706.7 3.91316e+06
83700 709.9 3.92866e+06
83800 713.1 3.9441e+06
83900 718 3.95959e+06
84000 721 3.97516e+06
84100 723.5 3.99007e+06
84200 725.7 4.00501e+06
84300 728.2 4.01993e+06
84400 731 4.03493e+06
84500 733.2 4.04993e+06
84600 736.2 4.06491e+06
84700 738.9 4.07994e+06
84800 741.8 4.09498e+06
84900 744.6 4.11007e+06
85000 747 4.12666e+06
85100 751.8 4.14337e+06
85200 755.6 4.16015e+06
85300 758.7 4.17709e+06
85400 763.6 4.19385e+06
85500 770.9 4.21062e+06
85600 773.3 4.22582e+06
85700 776 4.24102e+06
85800 778.6 4.25626e+06
85900 781.8 4.27289e+06
86000 784.5 4.28905e+06
86100 787.5 4.30444e+06
86200 790.5 4.31985e+06
86300 793.3 4.33517e+06
86400 796.1 4.3505e+06
86500 798.5 4.36586e+06
86600 801.1 4.38124e+06
86700 803.6 4.39672e+06
86800 806.5 4.41211e+06
86900 809.2 4.42753e+06
87000 811.6 4.44301e+06
87100 814.6 4.45849e+06
87200 817.1 4.47398e+06
87300 819.7 4.48962e+06
87400 822.3 4.50517e+06
87500 824.9 4.52073e+06
87600 827.4 4.53627e+06
87700 831.1 4.55191e+06
87800 836.1 4.56845e+06
87900 839.4 4.58509e+06
88000 843.4 4.6019e+06
88100 846.6 4.61784e+06
88200 850.8 4.63471e+06
88300 853.9 4.65095e+06
88400 856.9 4.66677e+06
88500 859.5 4.68247e+06
88600 862.2 4.69823e+06
88700 865.2 4.71408e+06
88800 868.5 4.7299e+06
88900 871.4 4.74571e+06
89000 874 4.76151e+06
89100 876.4 4.77737e+06
89200 879.3 4.79324e+06
89300 881.8 4.80911e+06
89400 884.8 4.82623e+06
89500 889.8 4.84381e+06
89600 894.6 4.86144e+06
89700 897.9 4.87896e+06
89800 902.7 4.89667e+06
89900 908.3 4.91438e+06
90000 910.4 4.93041e+06
90100 912.9 4.94645e+06
90200 915.3 4.9626e+06
90300 917.9 4.97882e+06
90400 920.2 4.99497e+06
90500 922.3 5.01105e+06
90600 924.7 5.02716e+06
90700 926.7 5.04331e+06
90800 929.2 5.0595e+06
90900 931.9 5.07575e+06
91000 933.8 5.09197e+06
91100 936 5.10826e+06
91200 938.2 5.12458e+06
91300 940.7 5.14094e+06
91400 943.4 5.15725e+06
91500 945.9 5.17396e+06
91600 948.3 5.19033e+06
91700 950.7 5.20678e+06
91800 953.3 5.22329e+06
91900 956.2 5.23968e+06
92000 958.4 5.25614e+06
92100 960.8 5.27262e+06
92200 963.2 5.28935e+06
92300 965.5 5.30584e+06
92400 968.2 5.32229e+06
92500 970.3 5.3388e+06
92600 972.9 5.3553e+06
92700 975.6 5.37185e+06
92800 978.3 5.38842e+06
92900 980.8 5.40496e+06
93000 983.6 5.42153e+06
93100 985.9 5.43814e+06
93200 988.6 5.45482e+06
93300 991.2 5.47145e+06
93400 993.8 5.48812e+06
93500 996.3 5.50476e+06
93600 998.9 5.52146e+06
93700 1001.6 5.53823e+06
93800 1004.4 5.55503e+06
93900 1007.3 5.57194e+06
94000 1010.7 5.58873e+06
94100 1013 5.60554e+06
94200 1015.6 5.62237e+06
94300 1018.5 5.63921e+06
94400 1021.3 5.6561e+06
94500 1023.9 5.67295e+06
94600 1026.3 5.68984e+06
94700 1029 5.70681e+06
94800 1032.3 5.72494e+06
94900 1037.5 5.744e+06
95000 1039.8 5.76119e+06
95100 1041.9 5.77775e+06
95200 1044.5 5.79548e+06
95300 1047.6 5.81376e+06
95400 1050.4 5.83098e+06
95500 1053.1 5.8486e+06
95600 1056.2 5.86627e+06
95700 1058.9 5.88336e+06
95800 1061.7 5.90063e+06
95900 1065.1 5.91926e+06
96000 1068 5.93785e+06
96100 1071.6 5.95672e+06
96200 1074.6 5.97476e+06
96300 1078.2 5.99297e+06
96400 1081 6.01041e+06
96500 1083.7 6.02783e+06
96600 1085.8 6.04512e+06
96700 1088.2 6.06236e+06
96800 1091.3 6.07964e+06
96900 1094.5 6.09703e+06
97000 1096.7 6.11441e+06
97100 1099.4 6.13185e+06
97200 1101.9 6.14951e+06
97300 1104.8 6.16697e+06
97400 1107.5 6.1844e+06
97500 1109.8 6.20191e+06
97600 1112.7 6.21941e+06
97700 1115.3 6.23687e+06
97800 1117.9 6.25443e+06
97900 1120.9 6.272e+06
98000 1123.3 6.28951e+06
98100 1126 6.30708e+06
98200 1129 6.32502e+06
98300 1132.2 6.3428e+06
98400 1135.3 6.36043e+06
98500 1137.7 6.37806e+06
98600 1140.9 6.39591e+06
98700 1144.1 6.41407e+06
98800 1147.1 6.43147e+06
98900 1150.2 6.44935e+06
99000 1153.1 6.46806e+06
99100 1155.9 6.48585e+06
99200 1158.6 6.50371e+06
99300 1161.5 6.52155e+06
99400 1165.5 6.53974e+06
99500 1168.6 6.55801e+06
99600 1171.6 6.57587e+06
99700 1174.2 6.59336e+06
99800 1177.6 6.61128e+06
99900 1181.4 6.62938e+06
