SSE:  4026.25
[[0 0 0 ..., 0 0 0]
 [0 0 0 ..., 0 0 0]
 [0 0 0 ..., 0 0 0]
 ..., 
 [0 0 0 ..., 0 0 0]
 [0 0 0 ..., 0 0 0]
 [0 0 0 ..., 0 0 0]]
0.0
[[     0.          12651.29993321  15134.57032756  14959.6255635
    6000.09516591  10631.58078557  11160.87783286  11160.87783286
   16881.18307465  14878.70992391  13587.72983246  13416.89092152
   10000.05709984   4000.18874555  15653.45041836  13893.54015361
   13893.08425081  16766.4981138    5656.93556619  10000.51398679]
 [ 12651.29993321      0.           3000.00416666   3555.27031321
   10154.53120533   2137.27677197   2056.79459354   2056.79459354
    5005.28920243   3043.50603745   1585.20282614   2659.73607713
    2667.30275747  10681.5056991    4070.37492131   2137.27396466
    2139.92149389   5007.19572216   7077.19873961   2660.7566593 ]
 [ 15134.57032756   3000.00416666      0.           1165.77527852
   13119.24026002   5056.47634228   5022.98885127   5022.98885127
    2013.19869859    512.84890562   1585.24477605   2018.47491934
    5302.30751654  13531.22688451   1252.17930026   1252.17930026
    1256.69129065   2017.90782743   9751.23310151   5299.02811844]
 [ 14959.6255635    3555.27031321   1165.77527852      0.          13398.38270091
    5393.41181443   5538.37728942   5538.37728942   1938.29280554
     727.63314933   1980.16943719   1552.09245859   5425.55610053
   13647.92508039    727.24892575   1431.36543203   1426.21001259
    1822.942676     9758.66983764   5426.58833891]
 [  6000.09516591  10154.53120533  13119.24026002  13398.38270091      0.
    8063.65822688   8222.17173258   8222.17173258  15101.0998275
   13060.65316131  11568.52263688  12000.34582835   8000.           2000.78884443
   14036.47334625  12042.53179361  12042.09981689  15074.82195583
    4472.2144403    8000.35961692]
 [ 10631.58078557   2137.27677197   5056.47634228   5393.41181443
    8063.65822688      0.            955.79286459    955.79286459
    7040.29147124   5006.43276196   3509.17483178   4123.58921329
    1011.22895528   8545.56469755   6000.           4000.0005
    4000.22599362   7017.10830756   5002.10255793   1002.88085035]
 [ 11160.87783286   2056.79459354   5022.98885127   5538.37728942
    8222.17173258    955.79286459      0.              0.           7035.91785057
    5051.00039596   3572.47029379   4413.32708962   1898.4488405
    8864.77207829   6075.65140541   4112.6069591    4118.65269233
    7027.03358466   5528.80909419   1870.09678894]
 [ 11160.87783286   2056.79459354   5022.98885127   5538.37728942
    8222.17173258    955.79286459      0.              0.           7035.91785057
    5051.00039596   3572.47029379   4413.32708962   1898.4488405
    8864.77207829   6075.65140541   4112.6069591    4118.65269233
    7027.03358466   5528.80909419   1870.09678894]
 [ 16881.18307465   5005.28920243   2013.19869859   1938.29280554
   15101.0998275    7040.29147124   7035.91785057   7035.91785057      0.
    2075.20721857   3543.50730209   3470.47604804   7214.09841907
   15460.37632142   1251.28094367   3092.84270534   3091.68562438
     296.90570894  11619.79061773   7214.06806178]
 [ 14878.70992391   3043.50603745    512.84890562    727.63314933
   13060.65316131   5006.43276196   5051.00039596   5051.00039596
    2075.20721857      0.           1500.0203332    1594.82569581
    5155.64360677  13398.20454389   1031.68260623   1031.64189523
    1036.12402732   2017.32644855   9565.81021137   5152.53345453]
 [ 13587.72983246   1585.20282614   1585.24477605   1980.16943719
   11568.52263688   3509.17483178   3572.47029379   3572.47029379
    3543.50730209   1500.0203332       0.           1339.21768208
    3718.96706089  11948.3317664    2512.82868497    560.55686598
     568.8479586    3509.93461478   8170.37930576   3714.63995564]
 [ 13416.89092152   2659.73607713   2018.47491934   1552.09245859
   12000.34582835   4123.58921329   4413.32708962   4413.32708962
    3470.47604804   1594.82569581   1339.21768208      0.           4001.03736548
   12165.99161598   2236.95954367   1001.95808296   1000.21797624
    3350.28849504   8246.6493802    4000.04074979]
 [ 10000.05709984   2667.30275747   5302.30751654   5425.55610053   8000.
    1011.22895528   1898.4488405    1898.4488405    7214.09841907
    5155.64360677   3718.96706089   4001.03736548      0.           8246.40260962
    6084.61864047   4125.84197468   4124.58094841   7158.92848127
    4472.2144403      75.85512507]
 [  4000.18874555  10681.5056991   13531.22688451  13647.92508039
    2000.78884443   8545.56469755   8864.77207829   8864.77207829
   15460.37632142  13398.20454389  11948.3317664   12165.99161598
    8246.40260962      0.          14318.7525993   12370.39401151
   12369.93403378  15401.47541634   4000.13874759   8246.80216811]
 [ 15653.45041836   4070.37492131   1252.17930026    727.24892575
   14036.47334625   6000.           6075.65140541   6075.65140541
    1251.28094367   1031.68260623   2512.82868497   2236.95954367
    6084.61864047  14318.7525993       0.           2000.001
    2000.45194894   1113.46710773  10441.31361468   6083.23680289]
 [ 13893.54015361   2137.27396466   1252.17930026   1431.36543203
   12042.53179361   4000.0005       4112.6069591    4112.6069591
    3092.84270534   1031.64189523    560.55686598   1001.95808296
    4125.84197468  12370.39401151   2000.001           0.             42.
    3039.70541336   8545.23223792   4123.79994665]
 [ 13893.08425081   2139.92149389   1256.69129065   1426.21001259
   12042.09981689   4000.22599362   4118.65269233   4118.65269233
    3091.68562438   1036.12402732    568.8479586    1000.21797624
    4124.58094841  12369.93403378   2000.45194894     42.              0.
    3040.50407005   8544.63609524   4123.26205813]
 [ 16766.4981138    5007.19572216   2017.90782743   1822.942676
   15074.82195583   7017.10830756   7027.03358466   7027.03358466
     296.90570894   2017.32644855   3509.93461478   3350.28849504
    7158.92848127  15401.47541634   1113.46710773   3039.70541336
    3040.50407005      0.          11541.21254462   7157.34273317]
 [  5656.93556619   7077.19873961   9751.23310151   9758.66983764
    4472.2144403    5002.10255793   5528.80909419   5528.80909419
   11619.79061773   9565.81021137   8170.37930576   8246.6493802
    4472.2144403    4000.13874759  10441.31361468   8545.23223792
    8544.63609524  11541.21254462      0.           4472.73965261]
 [ 10000.51398679   2660.7566593    5299.02811844   5426.58833891
    8000.35961692   1002.88085035   1870.09678894   1870.09678894
    7214.06806178   5152.53345453   3714.63995564   4000.04074979
      75.85512507   8246.80216811   6083.23680289   4123.79994665
    4123.26205813   7157.34273317   4472.73965261      0.        ]]
[[ 1.  0.  0.  0.  0.  0.  0.  0.  0.  0.  0.  0.  0.  0.  0.  0.  0.  0.
   0.  0.]
 [ 0.  1.  0.  0.  0.  0.  0.  0.  0.  0.  0.  0.  0.  0.  0.  0.  0.  0.
   0.  0.]
 [ 0.  0.  1.  0.  0.  0.  0.  0.  0.  1.  0.  0.  0.  0.  0.  0.  0.  0.
   0.  0.]
 [ 0.  0.  0.  1.  0.  0.  0.  0.  0.  0.  0.  0.  0.  0.  0.  0.  0.  0.
   0.  0.]
 [ 0.  0.  0.  0.  1.  0.  0.  0.  0.  0.  0.  0.  0.  0.  0.  0.  0.  0.
   0.  0.]
 [ 0.  0.  0.  0.  0.  1.  0.  0.  0.  0.  0.  0.  0.  0.  0.  0.  0.  0.
   0.  0.]
 [ 0.  0.  0.  0.  0.  0.  1.  1.  0.  0.  0.  0.  0.  0.  0.  0.  0.  0.
   0.  0.]
 [ 0.  0.  0.  0.  0.  0.  1.  1.  0.  0.  0.  0.  0.  0.  0.  0.  0.  0.
   0.  0.]
 [ 0.  0.  0.  0.  0.  0.  0.  0.  1.  0.  0.  0.  0.  0.  0.  0.  0.  1.
   0.  0.]
 [ 0.  0.  1.  0.  0.  0.  0.  0.  0.  1.  0.  0.  0.  0.  0.  0.  0.  0.
   0.  0.]
 [ 0.  0.  0.  0.  0.  0.  0.  0.  0.  0.  1.  0.  0.  0.  0.  0.  0.  0.
   0.  0.]
 [ 0.  0.  0.  0.  0.  0.  0.  0.  0.  0.  0.  1.  0.  0.  0.  0.  0.  0.
   0.  0.]
 [ 0.  0.  0.  0.  0.  0.  0.  0.  0.  0.  0.  0.  1.  0.  0.  0.  0.  0.
   0.  0.]
 [ 0.  0.  0.  0.  0.  0.  0.  0.  0.  0.  0.  0.  0.  1.  0.  0.  0.  0.
   0.  0.]
 [ 0.  0.  0.  0.  0.  0.  0.  0.  0.  0.  0.  0.  0.  0.  1.  0.  0.  0.
   0.  0.]
 [ 0.  0.  0.  0.  0.  0.  0.  0.  0.  0.  0.  0.  0.  0.  0.  1.  0.  0.
   0.  0.]
 [ 0.  0.  0.  0.  0.  0.  0.  0.  0.  0.  0.  0.  0.  0.  0.  0.  1.  0.
   0.  0.]
 [ 0.  0.  0.  0.  0.  0.  0.  0.  1.  0.  0.  0.  0.  0.  0.  0.  0.  1.
   0.  0.]
 [ 0.  0.  0.  0.  0.  0.  0.  0.  0.  0.  0.  0.  0.  0.  0.  0.  0.  0.
   1.  0.]
 [ 0.  0.  0.  0.  0.  0.  0.  0.  0.  0.  0.  0.  0.  0.  0.  0.  0.  0.
   0.  1.]]
