CCR: 98.900000
Tiempo: 7.37548685074
[[684   8]
 [  3 305]]

[    3.     5.     6.    10.    11.    13.    18.    19.    20.    21.
    22.    23.    25.    26.    30.    39.    41.    45.    48.    51.
    53.    54.    55.    57.    60.    61.    63.    64.    67.    69.
    71.    74.    75.    80.    82.    86.    87.    88.    89.    94.
    97.    98.   100.   103.   105.   106.   110.   116.   117.   118.
   124.   130.   132.   133.   142.   143.   146.   147.   150.   153.
   155.   156.   158.   159.   162.   163.   164.   165.   166.   167.
   168.   169.   171.   173.   174.   176.   178.   179.   181.   182.
   186.   190.   191.   195.   196.   199.   204.   207.   208.   210.
   217.   218.   220.   222.   224.   225.   227.   229.   233.   234.
   238.   246.   247.   249.   251.   253.   254.   256.   259.   261.
   262.   263.   267.   272.   276.   277.   280.   282.   286.   287.
   288.   289.   293.   295.   296.   297.   298.   300.   301.   305.
   306.   307.   309.   311.   314.   320.   323.   327.   328.   330.
   333.   337.   344.   348.   350.   353.   354.   356.   357.   358.
   360.   364.   365.   367.   370.   371.   372.   373.   374.   376.
   377.   382.   383.   384.   387.   388.   390.   393.   394.   397.
   401.   402.   405.   407.   408.   412.   415.   417.   420.   421.
   434.   435.   440.   441.   449.   452.   457.   465.   471.   474.
   476.   477.   479.   480.   481.   482.   484.   485.   490.   491.
   501.   502.   506.   509.   515.   516.   522.   524.   525.   529.
   530.   531.   538.   540.   544.   548.   552.   553.   560.   561.
   563.   567.   571.   574.   575.   576.   577.   580.   581.   582.
   588.   589.   590.   594.   596.   599.   600.   611.   612.   616.
   621.   622.   623.   627.   631.   633.   638.   639.   646.   652.
   654.   655.   658.   663.   666.   667.   669.   673.   674.   675.
   677.   681.   682.   688.   692.   697.   698.   703.   706.   707.
   708.   711.   712.   713.   716.   717.   718.   722.   724.   725.
   726.   727.   732.   739.   741.   743.   744.   745.   749.   750.
   752.   755.   756.   757.   758.   761.   763.   764.   765.   770.
   771.   773.   775.   778.   779.   783.   786.   787.   788.   792.
   793.   794.   797.   799.   802.   805.   810.   818.   822.   824.
   825.   826.   827.   832.   836.   838.   840.   847.   850.   852.
   860.   861.   862.   863.   864.   865.   870.   877.   879.   883.
   887.   891.   892.   896.   898.   902.   904.   912.   915.   916.
   920.   921.   924.   928.   929.   933.   935.   941.   942.   943.
   945.   947.   953.   956.   957.   958.   959.   960.   961.   962.
   963.   964.   965.   966.   968.   969.   971.   973.   974.   975.
   976.   977.   978.   980.   981.   982.   984.   989.   991.   992.
   993.   994.   995.   996.   997.   999.  1000.  1001.  1002.  1008.
  1009.  1011.  1013.  1015.  1017.  1018.  1019.  1023.  1028.  1032.
  1033.  1034.  1036.  1038.  1039.  1042.  1043.  1044.  1048.  1053.
  1058.  1059.  1060.  1062.  1064.  1065.  1066.  1067.  1068.  1069.
  1070.  1071.  1075.  1077.  1078.  1079.  1083.  1084.  1085.  1086.
  1089.  1092.  1093.  1095.  1098.  1099.  1102.  1106.  1111.  1113.
  1114.  1115.  1117.  1120.  1147.  1156.  1161.  1162.  1164.  1167.
  1168.  1170.  1171.  1172.  1173.  1175.  1176.  1178.  1181.  1182.
  1183.  1184.  1186.  1188.  1189.  1190.  1191.  1192.  1195.  1196.
  1197.  1198.  1202.  1203.  1204.  1205.  1206.  1209.  1212.  1218.
  1230.  1231.  1234.  1239.  1242.  1243.  1244.  1251.  1255.  1257.
  1262.  1264.  1265.  1267.  1268.  1269.  1280.  1281.  1289.  1294.
  1295.  1299.  1300.  1309.  1314.  1315.  1318.  1319.  1320.  1321.
  1327.  1334.  1337.  1339.  1342.  1343.  1347.  1351.  1353.  1354.
  1359.  1361.  1362.  1364.  1365.  1366.  1368.  1371.  1372.  1373.
  1377.  1382.  1390.  1391.  1392.  1396.  1398.  1400.  1401.  1403.
  1405.  1406.  1408.  1411.  1413.  1414.  1417.  1421.  1422.  1425.
  1426.  1429.  1430.  1440.  1443.  1444.  1445.  1446.  1456.  1464.
  1468.  1471.  1473.  1474.  1475.  1477.  1480.  1484.  1486.  1487.
  1493.  1495.  1498.  1500.  1501.  1504.  1506.  1510.  1511.  1512.
  1513.  1514.  1516.  1518.  1519.  1523.  1524.  1525.  1526.  1528.
  1532.  1535.  1538.  1541.  1542.  1543.  1545.  1547.  1548.  1550.
  1552.  1554.  1555.  1556.  1560.  1566.  1567.  1569.  1570.  1572.
  1574.  1580.  1581.  1582.  1584.  1585.  1588.  1590.  1591.  1592.
  1597.  1601.  1604.  1605.  1607.  1609.  1610.  1613.  1619.  1623.
  1625.  1626.  1628.  1631.  1636.  1637.  1638.  1642.  1644.  1645.
  1652.  1659.  1662.  1663.  1664.  1665.  1666.  1667.  1668.  1669.
  1670.  1671.  1673.  1675.  1676.  1677.  1678.  1681.  1683.  1689.
  1690.  1694.  1696.  1699.  1700.  1701.  1708.  1710.  1711.  1713.
  1714.  1717.  1722.  1724.  1726.  1730.  1731.  1733.  1736.  1737.
  1740.  1741.  1755.  1756.  1760.  1761.  1766.  1773.  1785.  1788.
  1790.  1791.  1794.  1795.  1798.  1799.  1801.  1803.  1804.  1805.
  1809.  1814.  1819.  1824.  1825.  1827.  1829.  1831.  1832.  1833.
  1835.  1836.  1837.  1838.  1840.  1841.  1844.  1845.  1847.  1852.
  1854.  1855.  1859.  1860.  1861.  1864.  1865.  1866.  1867.  1868.
  1869.  1870.  1871.  1876.  1878.  1881.  1882.  1889.  1890.  1891.
  1892.  1893.  1895.  1899.]
