-----------
Semilla: 10
-----------
[[32  0  0  0  0  0  0  0  1  0]
 [ 0 30  1  0  1  0  0  0  0  1]
 [ 0  0 32  0  0  0  0  0  0  0]
 [ 0  0  0 31  0  0  0  0  0  1]
 [ 1  0  0  0 30  0  0  1  0  0]
 [ 0  0  0  0  0 31  0  0  0  0]
 [ 0  0  0  0  0  0 32  0  0  0]
 [ 0  0  0  0  1  0  0 29  1  1]
 [ 0  0  0  0  0  0  0  0 30  1]
 [ 0  0  1  1  0  1  0  1  0 27]]
MSE de entrenamiento: 0.000000
MSE de test: 1.000000
CCR de entrenamiento: 100.00%
CCR de test: 95.30%
-----------
Semilla: 20
-----------
[[32  0  0  0  0  0  0  0  1  0]
 [ 0 29  1  0  1  0  0  0  0  2]
 [ 0  0 32  0  0  0  0  0  0  0]
 [ 0  0  0 31  0  0  0  0  0  1]
 [ 1  0  0  0 30  0  0  1  0  0]
 [ 0  0  0  1  0 30  0  0  0  0]
 [ 0  0  0  0  0  0 32  0  0  0]
 [ 0  0  0  0  1  0  0 29  1  1]
 [ 0  0  0  0  0  0  0  0 30  1]
 [ 0  0  1  1  0  1  0  1  0 27]]
MSE de entrenamiento: 0.000000
MSE de test: 1.213166
CCR de entrenamiento: 100.00%
CCR de test: 94.67%
-----------
Semilla: 30
-----------
[[32  0  0  0  0  0  0  0  1  0]
 [ 0 29  1  0  1  0  0  0  0  2]
 [ 0  0 32  0  0  0  0  0  0  0]
 [ 0  0  0 31  0  0  0  0  0  1]
 [ 0  0  0  0 31  0  0  1  0  0]
 [ 0  0  0  1  0 30  0  0  0  0]
 [ 1  0  0  0  0  0 31  0  0  0]
 [ 0  0  0  0  1  0  0 29  1  1]
 [ 0  0  1  0  0  0  0  0 29  1]
 [ 0  0  1  1  0  1  0  1  0 27]]
MSE de entrenamiento: 0.000000
MSE de test: 1.388715
CCR de entrenamiento: 100.00%
CCR de test: 94.36%
-----------
Semilla: 40
-----------
[[32  0  0  0  0  0  0  0  1  0]
 [ 0 29  1  0  1  0  0  0  0  2]
 [ 0  0 32  0  0  0  0  0  0  0]
 [ 0  0  0 31  0  1  0  0  0  0]
 [ 0  0  0  0 31  0  0  1  0  0]
 [ 0  0  1  1  0 29  0  0  0  0]
 [ 1  0  0  0  0  0 31  0  0  0]
 [ 0  1  0  0  1  0  0 29  1  0]
 [ 0  0  0  0  0  0  0  0 30  1]
 [ 0  0  1  1  0  1  0  1  0 27]]
MSE de entrenamiento: 0.000000
MSE de test: 1.304075
CCR de entrenamiento: 100.00%
CCR de test: 94.36%
-----------
Semilla: 50
-----------
[[32  0  0  0  0  0  0  0  1  0]
 [ 0 29  1  0  1  0  0  0  0  2]
 [ 0  0 32  0  0  0  0  0  0  0]
 [ 0  0  0 31  0  0  0  0  0  1]
 [ 0  0  0  0 31  0  0  1  0  0]
 [ 0  0  0  1  0 30  0  0  0  0]
 [ 1  0  0  0  0  0 31  0  0  0]
 [ 0  0  0  0  1  0  0 30  1  0]
 [ 0  0  1  0  0  0  0  0 29  1]
 [ 0  0  1  1  0  1  0  1  0 27]]
MSE de entrenamiento: 0.000000
MSE de test: 1.376176
CCR de entrenamiento: 100.00%
CCR de test: 94.67%
HEMOS TERMINADO TODAS LAS SEMILLAS
----------------------------------
RESUMEN FINAL
*************
Error de entrenamiento (Media  +- desv): 0.000000 +- 0.000000
Error de test (Media  +- desv): 1.256426 +- 0.142644
CCR de entrenamiento (Media  +- desv): 100.000000% +- 0.000000%
CCR de test (Media  +- desv): 94.670846% +- 0.343400%
