-----------
Semilla: 10
-----------
0 8 0
1 0 0
2 0 0
3 0 0
4 0 0
5 0 0
6 0 0
7 0 0
8 0 0
9 0 0
10 0 0
11 0 0
12 0 0
13 0 0
14 0 0
15 0 0
16 0 0
17 0 0
18 0 0
19 0 0
20 0 0
21 0 0
22 0 0
23 0 0
24 0 0
25 0 0
26 0 0
27 0 0
28 0 0
29 0 0
30 0 0
31 0 0
32 0 0
33 8 8
34 8 8
35 8 8
36 8 8
37 8 8
38 8 8
39 8 8
40 8 8
41 8 8
42 8 8
43 8 8
44 8 8
45 8 8
46 8 8
47 8 8
48 8 8
49 8 8
50 8 8
51 9 8
52 8 8
53 8 8
54 8 8
55 8 8
56 8 8
57 8 8
58 8 8
59 8 8
60 8 8
61 8 8
62 8 8
63 8 8
64 5 5
65 5 5
66 5 5
67 5 5
68 5 5
69 5 5
70 5 5
71 5 5
72 5 5
73 5 5
74 5 5
75 5 5
76 5 5
77 5 5
78 5 5
79 5 5
80 5 5
81 5 5
82 5 5
83 5 5
84 5 5
85 5 5
86 5 5
87 5 5
88 5 5
89 5 5
90 5 5
91 3 5
92 5 5
93 5 5
94 5 5
95 3 3
96 3 3
97 3 3
98 3 3
99 3 3
100 3 3
101 3 3
102 3 3
103 3 3
104 3 3
105 3 3
106 3 3
107 9 3
108 3 3
109 3 3
110 3 3
111 3 3
112 3 3
113 3 3
114 3 3
115 3 3
116 3 3
117 3 3
118 3 3
119 3 3
120 3 3
121 3 3
122 3 3
123 3 3
124 3 3
125 3 3
126 3 3
127 1 1
128 1 1
129 1 1
130 1 1
131 1 1
132 1 1
133 1 1
134 1 1
135 1 1
136 4 1
137 1 1
138 1 1
139 1 1
140 1 1
141 1 1
142 1 1
143 1 1
144 1 1
145 1 1
146 9 1
147 1 1
148 1 1
149 1 1
150 1 1
151 9 1
152 1 1
153 1 1
154 1 1
155 1 1
156 2 1
157 1 1
158 1 1
159 1 1
160 4 4
161 4 4
162 4 4
163 4 4
164 4 4
165 4 4
166 4 4
167 4 4
168 4 4
169 4 4
170 4 4
171 4 4
172 4 4
173 7 4
174 4 4
175 4 4
176 4 4
177 4 4
178 4 4
179 4 4
180 4 4
181 4 4
182 4 4
183 4 4
184 4 4
185 4 4
186 4 4
187 4 4
188 4 4
189 4 4
190 4 4
191 4 4
192 6 6
193 6 6
194 6 6
195 6 6
196 6 6
197 6 6
198 6 6
199 6 6
200 6 6
201 6 6
202 6 6
203 6 6
204 6 6
205 6 6
206 6 6
207 6 6
208 6 6
209 6 6
210 6 6
211 6 6
212 0 6
213 6 6
214 6 6
215 6 6
216 6 6
217 6 6
218 6 6
219 6 6
220 6 6
221 6 6
222 6 6
223 6 6
224 2 2
225 2 2
226 2 2
227 2 2
228 2 2
229 2 2
230 2 2
231 2 2
232 2 2
233 2 2
234 2 2
235 2 2
236 2 2
237 2 2
238 2 2
239 2 2
240 2 2
241 2 2
242 2 2
243 2 2
244 2 2
245 2 2
246 2 2
247 2 2
248 2 2
249 2 2
250 2 2
251 2 2
252 2 2
253 2 2
254 2 2
255 2 2
256 9 9
257 9 9
258 2 9
259 9 9
260 9 9
261 9 9
262 7 9
263 9 9
264 9 9
265 9 9
266 9 9
267 9 9
268 9 9
269 9 9
270 9 9
271 5 9
272 9 9
273 9 9
274 9 9
275 9 9
276 9 9
277 3 9
278 9 9
279 9 9
280 9 9
281 9 9
282 9 9
283 9 9
284 9 9
285 9 9
286 9 9
287 7 7
288 7 7
289 7 7
290 7 7
291 7 7
292 7 7
293 7 7
294 4 7
295 7 7
296 7 7
297 7 7
298 7 7
299 7 7
300 7 7
301 9 7
302 7 7
303 7 7
304 7 7
305 7 7
306 7 7
307 7 7
308 7 7
309 7 7
310 7 7
311 9 7
312 7 7
313 7 7
314 7 7
315 7 7
316 7 7
317 7 7
318 7 7
MSE de entrenamiento: 0.000000
MSE de test: 1.285266
CCR de entrenamiento: 100.00%
CCR de test: 94.67%
-----------
Semilla: 20
-----------
0 8 0
1 0 0
2 0 0
3 0 0
4 0 0
5 0 0
6 0 0
7 0 0
8 0 0
9 0 0
10 0 0
11 0 0
12 0 0
13 0 0
14 0 0
15 0 0
16 0 0
17 0 0
18 0 0
19 0 0
20 0 0
21 0 0
22 0 0
23 0 0
24 0 0
25 0 0
26 0 0
27 0 0
28 0 0
29 0 0
30 0 0
31 0 0
32 0 0
33 8 8
34 8 8
35 8 8
36 8 8
37 8 8
38 8 8
39 8 8
40 2 8
41 8 8
42 8 8
43 8 8
44 8 8
45 8 8
46 8 8
47 8 8
48 8 8
49 8 8
50 8 8
51 9 8
52 8 8
53 8 8
54 8 8
55 8 8
56 8 8
57 8 8
58 8 8
59 8 8
60 8 8
61 8 8
62 8 8
63 8 8
64 5 5
65 5 5
66 5 5
67 5 5
68 5 5
69 5 5
70 5 5
71 5 5
72 5 5
73 5 5
74 5 5
75 5 5
76 5 5
77 5 5
78 5 5
79 5 5
80 5 5
81 5 5
82 5 5
83 5 5
84 5 5
85 5 5
86 5 5
87 5 5
88 5 5
89 5 5
90 5 5
91 3 5
92 5 5
93 5 5
94 5 5
95 3 3
96 3 3
97 3 3
98 3 3
99 3 3
100 3 3
101 3 3
102 3 3
103 3 3
104 3 3
105 3 3
106 3 3
107 9 3
108 3 3
109 3 3
110 3 3
111 3 3
112 3 3
113 3 3
114 3 3
115 3 3
116 3 3
117 3 3
118 3 3
119 3 3
120 3 3
121 3 3
122 3 3
123 3 3
124 3 3
125 3 3
126 3 3
127 1 1
128 1 1
129 1 1
130 1 1
131 1 1
132 1 1
133 1 1
134 1 1
135 1 1
136 4 1
137 1 1
138 1 1
139 1 1
140 1 1
141 1 1
142 1 1
143 1 1
144 1 1
145 1 1
146 9 1
147 1 1
148 1 1
149 1 1
150 1 1
151 9 1
152 1 1
153 1 1
154 1 1
155 1 1
156 2 1
157 1 1
158 1 1
159 1 1
160 4 4
161 4 4
162 4 4
163 4 4
164 4 4
165 4 4
166 4 4
167 4 4
168 4 4
169 4 4
170 4 4
171 4 4
172 4 4
173 7 4
174 4 4
175 4 4
176 4 4
177 4 4
178 4 4
179 4 4
180 4 4
181 4 4
182 4 4
183 4 4
184 4 4
185 4 4
186 4 4
187 4 4
188 4 4
189 4 4
190 4 4
191 4 4
192 6 6
193 6 6
194 6 6
195 6 6
196 6 6
197 6 6
198 6 6
199 6 6
200 6 6
201 6 6
202 6 6
203 6 6
204 6 6
205 6 6
206 6 6
207 6 6
208 6 6
209 6 6
210 6 6
211 6 6
212 0 6
213 6 6
214 6 6
215 6 6
216 6 6
217 6 6
218 6 6
219 6 6
220 6 6
221 6 6
222 6 6
223 6 6
224 2 2
225 2 2
226 2 2
227 2 2
228 2 2
229 2 2
230 2 2
231 2 2
232 2 2
233 2 2
234 2 2
235 2 2
236 2 2
237 2 2
238 2 2
239 2 2
240 2 2
241 2 2
242 2 2
243 2 2
244 2 2
245 2 2
246 2 2
247 2 2
248 2 2
249 2 2
250 2 2
251 2 2
252 2 2
253 2 2
254 2 2
255 2 2
256 9 9
257 9 9
258 2 9
259 9 9
260 9 9
261 9 9
262 7 9
263 9 9
264 9 9
265 9 9
266 9 9
267 9 9
268 9 9
269 9 9
270 9 9
271 5 9
272 9 9
273 9 9
274 9 9
275 9 9
276 9 9
277 3 9
278 9 9
279 9 9
280 9 9
281 9 9
282 9 9
283 9 9
284 9 9
285 9 9
286 9 9
287 7 7
288 7 7
289 7 7
290 7 7
291 7 7
292 7 7
293 7 7
294 4 7
295 7 7
296 7 7
297 7 7
298 7 7
299 7 7
300 7 7
301 9 7
302 7 7
303 7 7
304 7 7
305 7 7
306 7 7
307 7 7
308 7 7
309 7 7
310 7 7
311 8 7
312 7 7
313 7 7
314 7 7
315 7 7
316 7 7
317 7 7
318 7 7
MSE de entrenamiento: 0.000000
MSE de test: 1.388715
CCR de entrenamiento: 100.00%
CCR de test: 94.36%
-----------
Semilla: 30
-----------
0 8 0
1 0 0
2 0 0
3 0 0
4 0 0
5 0 0
6 0 0
7 0 0
8 0 0
9 0 0
10 0 0
11 0 0
12 0 0
13 0 0
14 0 0
15 0 0
16 0 0
17 0 0
18 0 0
19 0 0
20 0 0
21 0 0
22 0 0
23 0 0
24 0 0
25 0 0
26 0 0
27 0 0
28 0 0
29 0 0
30 0 0
31 0 0
32 0 0
33 8 8
34 8 8
35 8 8
36 8 8
37 8 8
38 8 8
39 8 8
40 2 8
41 8 8
42 8 8
43 8 8
44 8 8
45 8 8
46 8 8
47 8 8
48 8 8
49 8 8
50 8 8
51 9 8
52 8 8
53 8 8
54 8 8
55 8 8
56 8 8
57 8 8
58 8 8
59 8 8
60 8 8
61 8 8
62 8 8
63 8 8
64 5 5
65 5 5
66 5 5
67 5 5
68 5 5
69 5 5
70 5 5
71 5 5
72 5 5
73 5 5
74 5 5
75 5 5
76 5 5
77 5 5
78 5 5
79 5 5
80 5 5
81 5 5
82 5 5
83 5 5
84 5 5
85 5 5
86 5 5
87 5 5
88 5 5
89 5 5
90 5 5
91 3 5
92 5 5
93 5 5
94 5 5
95 3 3
96 3 3
97 3 3
98 3 3
99 3 3
100 3 3
101 3 3
102 3 3
103 3 3
104 3 3
105 3 3
106 3 3
107 9 3
108 3 3
109 3 3
110 3 3
111 3 3
112 3 3
113 3 3
114 3 3
115 3 3
116 3 3
117 3 3
118 3 3
119 3 3
120 3 3
121 3 3
122 3 3
123 3 3
124 3 3
125 3 3
126 3 3
127 1 1
128 1 1
129 1 1
130 1 1
131 1 1
132 1 1
133 1 1
134 1 1
135 1 1
136 4 1
137 1 1
138 1 1
139 1 1
140 1 1
141 1 1
142 1 1
143 1 1
144 1 1
145 1 1
146 9 1
147 1 1
148 1 1
149 1 1
150 1 1
151 9 1
152 1 1
153 1 1
154 1 1
155 1 1
156 2 1
157 1 1
158 1 1
159 1 1
160 4 4
161 4 4
162 4 4
163 4 4
164 4 4
165 4 4
166 4 4
167 4 4
168 4 4
169 4 4
170 4 4
171 4 4
172 4 4
173 7 4
174 4 4
175 4 4
176 4 4
177 4 4
178 4 4
179 4 4
180 4 4
181 4 4
182 4 4
183 4 4
184 4 4
185 4 4
186 4 4
187 4 4
188 4 4
189 4 4
190 4 4
191 4 4
192 6 6
193 6 6
194 6 6
195 6 6
196 6 6
197 6 6
198 6 6
199 6 6
200 6 6
201 6 6
202 6 6
203 6 6
204 6 6
205 6 6
206 6 6
207 6 6
208 6 6
209 6 6
210 6 6
211 6 6
212 0 6
213 6 6
214 6 6
215 6 6
216 6 6
217 6 6
218 6 6
219 6 6
220 6 6
221 6 6
222 6 6
223 6 6
224 2 2
225 2 2
226 2 2
227 2 2
228 2 2
229 2 2
230 2 2
231 2 2
232 2 2
233 2 2
234 2 2
235 2 2
236 2 2
237 2 2
238 2 2
239 2 2
240 2 2
241 2 2
242 2 2
243 2 2
244 2 2
245 2 2
246 2 2
247 2 2
248 2 2
249 2 2
250 2 2
251 2 2
252 2 2
253 2 2
254 2 2
255 2 2
256 9 9
257 9 9
258 2 9
259 9 9
260 9 9
261 9 9
262 7 9
263 9 9
264 9 9
265 9 9
266 9 9
267 9 9
268 9 9
269 9 9
270 9 9
271 5 9
272 9 9
273 9 9
274 9 9
275 9 9
276 9 9
277 3 9
278 9 9
279 9 9
280 9 9
281 9 9
282 9 9
283 9 9
284 9 9
285 9 9
286 9 9
287 7 7
288 7 7
289 7 7
290 7 7
291 7 7
292 7 7
293 7 7
294 4 7
295 7 7
296 7 7
297 7 7
298 7 7
299 7 7
300 7 7
301 1 7
302 7 7
303 7 7
304 7 7
305 7 7
306 7 7
307 7 7
308 7 7
309 7 7
310 7 7
311 8 7
312 7 7
313 7 7
314 7 7
315 7 7
316 7 7
317 7 7
318 7 7
MSE de entrenamiento: 0.000000
MSE de test: 1.489028
CCR de entrenamiento: 100.00%
CCR de test: 94.36%
-----------
Semilla: 40
-----------
0 8 0
1 0 0
2 0 0
3 0 0
4 0 0
5 0 0
6 0 0
7 0 0
8 0 0
9 0 0
10 0 0
11 0 0
12 0 0
13 0 0
14 0 0
15 0 0
16 0 0
17 0 0
18 0 0
19 0 0
20 0 0
21 0 0
22 0 0
23 0 0
24 0 0
25 0 0
26 0 0
27 0 0
28 0 0
29 0 0
30 0 0
31 0 0
32 0 0
33 8 8
34 8 8
35 8 8
36 8 8
37 8 8
38 8 8
39 8 8
40 2 8
41 8 8
42 8 8
43 8 8
44 8 8
45 8 8
46 8 8
47 8 8
48 8 8
49 8 8
50 8 8
51 9 8
52 8 8
53 8 8
54 8 8
55 8 8
56 8 8
57 8 8
58 8 8
59 8 8
60 8 8
61 8 8
62 8 8
63 8 8
64 5 5
65 5 5
66 5 5
67 5 5
68 5 5
69 5 5
70 5 5
71 5 5
72 5 5
73 5 5
74 5 5
75 5 5
76 5 5
77 5 5
78 5 5
79 5 5
80 5 5
81 5 5
82 5 5
83 2 5
84 5 5
85 5 5
86 5 5
87 5 5
88 5 5
89 5 5
90 5 5
91 3 5
92 5 5
93 5 5
94 5 5
95 3 3
96 3 3
97 3 3
98 3 3
99 3 3
100 3 3
101 3 3
102 3 3
103 3 3
104 3 3
105 3 3
106 3 3
107 9 3
108 3 3
109 3 3
110 3 3
111 3 3
112 3 3
113 3 3
114 3 3
115 3 3
116 3 3
117 3 3
118 3 3
119 3 3
120 3 3
121 3 3
122 3 3
123 3 3
124 3 3
125 3 3
126 3 3
127 1 1
128 1 1
129 1 1
130 1 1
131 1 1
132 1 1
133 1 1
134 1 1
135 1 1
136 1 1
137 1 1
138 1 1
139 1 1
140 1 1
141 1 1
142 1 1
143 1 1
144 1 1
145 1 1
146 9 1
147 1 1
148 1 1
149 1 1
150 1 1
151 9 1
152 1 1
153 1 1
154 1 1
155 1 1
156 2 1
157 1 1
158 1 1
159 1 1
160 4 4
161 4 4
162 4 4
163 4 4
164 4 4
165 4 4
166 4 4
167 4 4
168 4 4
169 4 4
170 4 4
171 4 4
172 4 4
173 7 4
174 4 4
175 4 4
176 4 4
177 4 4
178 4 4
179 4 4
180 4 4
181 4 4
182 4 4
183 4 4
184 4 4
185 4 4
186 4 4
187 4 4
188 4 4
189 4 4
190 4 4
191 4 4
192 6 6
193 6 6
194 6 6
195 6 6
196 6 6
197 6 6
198 6 6
199 6 6
200 6 6
201 6 6
202 6 6
203 6 6
204 6 6
205 6 6
206 6 6
207 6 6
208 6 6
209 6 6
210 6 6
211 6 6
212 0 6
213 6 6
214 6 6
215 6 6
216 6 6
217 6 6
218 6 6
219 6 6
220 6 6
221 6 6
222 6 6
223 6 6
224 2 2
225 2 2
226 2 2
227 2 2
228 2 2
229 2 2
230 2 2
231 2 2
232 2 2
233 2 2
234 2 2
235 2 2
236 2 2
237 2 2
238 2 2
239 2 2
240 2 2
241 2 2
242 2 2
243 2 2
244 2 2
245 2 2
246 2 2
247 2 2
248 2 2
249 2 2
250 2 2
251 2 2
252 2 2
253 2 2
254 2 2
255 2 2
256 9 9
257 9 9
258 2 9
259 9 9
260 9 9
261 9 9
262 7 9
263 9 9
264 9 9
265 9 9
266 9 9
267 9 9
268 9 9
269 9 9
270 9 9
271 5 9
272 9 9
273 9 9
274 9 9
275 9 9
276 9 9
277 3 9
278 9 9
279 9 9
280 9 9
281 9 9
282 9 9
283 9 9
284 9 9
285 9 9
286 9 9
287 7 7
288 7 7
289 7 7
290 7 7
291 7 7
292 7 7
293 7 7
294 4 7
295 7 7
296 7 7
297 7 7
298 7 7
299 7 7
300 7 7
301 9 7
302 7 7
303 7 7
304 7 7
305 7 7
306 7 7
307 7 7
308 7 7
309 7 7
310 7 7
311 8 7
312 7 7
313 7 7
314 7 7
315 7 7
316 7 7
317 7 7
318 7 7
MSE de entrenamiento: 0.000000
MSE de test: 1.388715
CCR de entrenamiento: 100.00%
CCR de test: 94.36%
-----------
Semilla: 50
-----------
0 8 0
1 0 0
2 0 0
3 0 0
4 0 0
5 0 0
6 0 0
7 0 0
8 0 0
9 0 0
10 0 0
11 0 0
12 0 0
13 0 0
14 0 0
15 0 0
16 0 0
17 0 0
18 0 0
19 0 0
20 0 0
21 0 0
22 0 0
23 0 0
24 0 0
25 0 0
26 0 0
27 0 0
28 0 0
29 0 0
30 0 0
31 0 0
32 0 0
33 8 8
34 8 8
35 8 8
36 8 8
37 8 8
38 8 8
39 8 8
40 2 8
41 8 8
42 8 8
43 8 8
44 8 8
45 8 8
46 8 8
47 8 8
48 8 8
49 8 8
50 8 8
51 9 8
52 8 8
53 8 8
54 8 8
55 8 8
56 8 8
57 8 8
58 8 8
59 8 8
60 8 8
61 8 8
62 8 8
63 8 8
64 5 5
65 5 5
66 5 5
67 5 5
68 5 5
69 5 5
70 5 5
71 5 5
72 5 5
73 5 5
74 5 5
75 5 5
76 5 5
77 5 5
78 5 5
79 5 5
80 5 5
81 5 5
82 5 5
83 5 5
84 5 5
85 5 5
86 5 5
87 5 5
88 5 5
89 5 5
90 5 5
91 3 5
92 5 5
93 5 5
94 5 5
95 3 3
96 3 3
97 3 3
98 3 3
99 3 3
100 3 3
101 3 3
102 3 3
103 3 3
104 3 3
105 3 3
106 3 3
107 9 3
108 3 3
109 3 3
110 3 3
111 3 3
112 3 3
113 3 3
114 3 3
115 3 3
116 3 3
117 3 3
118 3 3
119 3 3
120 3 3
121 3 3
122 3 3
123 3 3
124 3 3
125 3 3
126 3 3
127 1 1
128 1 1
129 1 1
130 1 1
131 1 1
132 1 1
133 1 1
134 1 1
135 1 1
136 4 1
137 1 1
138 1 1
139 1 1
140 1 1
141 1 1
142 1 1
143 1 1
144 1 1
145 1 1
146 1 1
147 1 1
148 1 1
149 1 1
150 1 1
151 9 1
152 1 1
153 1 1
154 1 1
155 1 1
156 2 1
157 1 1
158 1 1
159 1 1
160 4 4
161 4 4
162 4 4
163 4 4
164 4 4
165 4 4
166 4 4
167 4 4
168 4 4
169 4 4
170 4 4
171 4 4
172 4 4
173 7 4
174 4 4
175 4 4
176 4 4
177 4 4
178 4 4
179 4 4
180 4 4
181 4 4
182 4 4
183 4 4
184 4 4
185 4 4
186 4 4
187 4 4
188 4 4
189 4 4
190 4 4
191 4 4
192 6 6
193 6 6
194 6 6
195 6 6
196 6 6
197 6 6
198 6 6
199 6 6
200 6 6
201 6 6
202 6 6
203 6 6
204 6 6
205 6 6
206 6 6
207 6 6
208 6 6
209 6 6
210 6 6
211 6 6
212 0 6
213 6 6
214 6 6
215 6 6
216 6 6
217 6 6
218 6 6
219 6 6
220 6 6
221 6 6
222 6 6
223 6 6
224 2 2
225 2 2
226 2 2
227 2 2
228 2 2
229 2 2
230 2 2
231 2 2
232 2 2
233 2 2
234 2 2
235 2 2
236 2 2
237 2 2
238 2 2
239 2 2
240 2 2
241 2 2
242 2 2
243 2 2
244 2 2
245 2 2
246 2 2
247 2 2
248 2 2
249 2 2
250 2 2
251 2 2
252 2 2
253 2 2
254 2 2
255 2 2
256 9 9
257 9 9
258 2 9
259 9 9
260 9 9
261 9 9
262 7 9
263 9 9
264 9 9
265 9 9
266 9 9
267 9 9
268 9 9
269 9 9
270 9 9
271 5 9
272 9 9
273 9 9
274 9 9
275 9 9
276 9 9
277 3 9
278 9 9
279 9 9
280 9 9
281 9 9
282 9 9
283 9 9
284 9 9
285 9 9
286 9 9
287 7 7
288 7 7
289 7 7
290 7 7
291 7 7
292 7 7
293 7 7
294 4 7
295 7 7
296 7 7
297 7 7
298 7 7
299 7 7
300 7 7
301 9 7
302 7 7
303 7 7
304 7 7
305 7 7
306 7 7
307 7 7
308 7 7
309 7 7
310 7 7
311 8 7
312 7 7
313 7 7
314 7 7
315 7 7
316 7 7
317 7 7
318 7 7
MSE de entrenamiento: 0.000000
MSE de test: 1.188088
CCR de entrenamiento: 100.00%
CCR de test: 94.67%
HEMOS TERMINADO TODAS LAS SEMILLAS
----------------------------------
RESUMEN FINAL
*************
Error de entrenamiento (Media  +- desv): 0.000000 +- 0.000000
Error de test (Media  +- desv): 1.347962 +- 0.102676
CCR de entrenamiento (Media  +- desv): 100.000000% +- 0.000000%
CCR de test (Media  +- desv): 94.482759% +- 0.153573%
